Time    U    dU_0    dU_1    dU_2    dU_3    dU_4    dU_5    dU_6    dU_7    dU_8    dU_9    dU_10    dU_11    dU_12    dU_13    dU_14    dU_15    dU_16    dU_17    dU_18    dU_19    dU_20    dU_21    dU_22    dU_23    dU_24    dU_25    dU_26    dU_27    dU_28    dU_29    dU_30    dU_31    dU_32    dU_33    dU_34    dU_35    dU_36    dU_37    dU_38    dU_39    dU_40    dU_41    dU_42    dU_43    dU_44    dU_45    dU_46    dU_47    dU_48    dU_49    dU_50    dU_51    dU_52    dU_53    dU_54    dU_55    dU_56    dU_57    dU_58    dU_59    dU_60    dU_61    dU_62    dU_63    pV
0.2000 -474031.19 -841.56250 -839.84375 -838.59375 -837.84375 -836.15625 -835.40625 -834.12500 -832.90625 -831.18750 -706.46875 -590.50000 -482.31250 -384.18750 -282.31250 -192.50000 -114.37500 -47.656250 6.8437500 50.656250 82.875000 101.93750 109.87500 80.000000 58.843750 41.562500 28.375000 18.312500 10.781250 5.0625000 1.1875000 -1.2812500 -2.2812500 -2.3437500 -1.5625000 0.0000000 2.1250000 4.6875000 7.5625000 10.562500 13.812500 17.468750 20.250000 23.468750 26.687500 30.218750 32.750000 35.843750 39.250000 42.437500 45.875000 50.125000 55.000000 60.500000 66.531250 71.750000 77.437500 83.718750 89.156250 95.187500 101.18750 107.31250 113.50000 119.59375 125.68750 22.279413
0.4000 -471373.53 -676.31250 -674.09375 -672.96875 -672.93750 -670.71875 -670.65625 -669.50000 -668.37500 -666.12500 -542.21875 -427.93750 -322.43750 -224.65625 -123.68750 -33.312500 42.500000 109.09375 162.53125 205.84375 237.62500 256.81250 263.68750 210.31250 169.84375 134.78125 105.87500 82.218750 62.875000 46.437500 33.250000 22.375000 14.093750 7.7500000 3.1875000 0.0000000 -1.8125000 -2.8125000 -2.8437500 -2.3750000 -1.3125000 1.2187500 1.7500000 3.6250000 5.6250000 8.7500000 9.7187500 11.937500 14.500000 17.062500 19.812500 24.031250 27.437500 32.187500 38.218750 42.281250 47.625000 54.125000 58.656250 64.406250 70.312500 76.218750 82.312500 88.437500 94.531250 22.324007
0.6000 -471845.81 -721.12500 -718.62500 -717.53125 -717.81250 -715.34375 -715.59375 -714.53125 -713.40625 -710.93750 -584.96875 -469.71875 -361.12500 -262.71875 -160.53125 -69.406250 8.5937500 76.250000 130.06250 175.06250 206.62500 226.62500 234.06250 183.87500 146.65625 114.53125 88.187500 67.125000 50.125000 36.125000 25.062500 16.187500 9.7500000 5.0937500 1.9062500 0.0000000 -0.75000000 -0.62500000 0.18750000 1.5625000 3.2500000 6.5937500 7.4375000 9.7187500 12.156250 15.906250 17.000000 19.625000 22.437500 25.218750 28.281250 33.062500 36.687500 41.687500 48.281250 52.375000 57.937500 64.968750 69.500000 75.437500 81.500000 87.687500 93.875000 100.18750 106.31250 22.330538
0.8000 -474325.22 -691.84375 -689.93750 -689.78125 -691.43750 -689.56250 -691.21875 -691.09375 -690.96875 -689.00000 -563.53125 -448.78125 -342.65625 -243.62500 -141.90625 -50.343750 26.656250 95.500000 149.37500 193.96875 225.18750 246.25000 253.18750 190.50000 148.21875 113.34375 85.500000 64.156250 47.375000 33.781250 23.156250 14.750000 8.8125000 4.4375000 1.6250000 0.0000000 -0.62500000 -0.37500000 0.43750000 1.7812500 3.5000000 7.2187500 7.5000000 9.7500000 12.000000 16.156250 16.625000 18.937500 21.625000 24.250000 27.250000 32.156250 34.937500 39.625000 46.343750 49.562500 54.781250 61.906250 65.468750 70.937500 76.593750 82.218750 88.000000 93.875000 99.562500 22.290003
1.0000 -472709.97 -620.65625 -619.50000 -619.18750 -619.75000 -618.62500 -619.15625 -618.84375 -618.56250 -617.43750 -489.90625 -371.78125 -262.40625 -162.78125 -58.406250 34.250000 114.28125 183.71875 239.28125 285.78125 320.03125 342.18750 351.68750 267.62500 207.90625 159.53125 122.43750 92.656250 69.187500 50.000000 35.000000 23.031250 14.250000 7.6562500 3.0000000 0.0000000 -1.6250000 -2.2500000 -1.9375000 -1.0625000 0.31250000 2.9687500 4.0625000 6.2500000 8.4375000 11.718750 13.187500 15.656250 18.437500 21.250000 24.250000 28.562500 32.562500 37.687500 43.843750 48.500000 54.125000 60.875000 65.906250 71.937500 78.125000 84.437500 90.781250 97.187500 103.56250 22.259474
1.2000 -472669.56 -764.59375 -763.31250 -762.53125 -762.31250 -761.03125 -760.84375 -760.09375 -759.34375 -758.06250 -632.34375 -516.12500 -408.37500 -309.43750 -206.87500 -114.90625 -36.937500 30.625000 85.812500 130.00000 163.21875 183.43750 191.87500 147.25000 114.81250 87.812500 66.625000 49.562500 35.968750 24.906250 16.562500 10.000000 5.4375000 2.3750000 0.62500000 0.0000000 0.12500000 1.1250000 2.6562500 4.5000000 6.7500000 9.6562500 11.625000 14.187500 16.812500 20.000000 22.093750 24.750000 27.750000 30.656250 33.875000 37.937500 42.375000 47.500000 53.343750 58.250000 63.781250 70.062500 75.250000 81.187500 87.187500 93.250000 99.312500 105.56250 111.62500 22.355644
1.4000 -471960.41 -612.06250 -608.53125 -606.31250 -605.50000 -601.93750 -601.12500 -598.90625 -596.75000 -593.15625 -469.75000 -355.59375 -248.84375 -151.68750 -51.531250 39.000000 114.40625 181.75000 234.87500 278.37500 309.81250 328.87500 335.53125 252.12500 194.56250 148.28125 112.53125 84.562500 62.687500 44.968750 31.125000 20.218750 12.312500 6.5312500 2.5000000 0.0000000 -1.2187500 -1.5000000 -0.93750000 0.12500000 1.7187500 4.9375000 5.5937500 7.8437500 10.187500 13.906250 14.875000 17.375000 20.156250 22.875000 25.937500 30.656250 34.062500 39.062500 45.625000 49.625000 55.093750 62.093750 66.500000 72.343750 78.343750 84.437500 90.531250 96.718750 102.84375 22.360271
1.6000 -474928.12 -528.18750 -525.90625 -525.71875 -527.46875 -525.25000 -527.00000 -526.78125 -526.53125 -524.28125 -400.00000 -286.56250 -179.25000 -80.625000 19.750000 112.09375 188.25000 255.84375 308.68750 354.06250 385.81250 405.28125 411.93750 309.68750 240.12500 184.25000 140.65625 106.81250 80.187500 58.375000 41.312500 27.562500 17.343750 9.6875000 4.0000000 0.0000000 -2.3125000 -3.5000000 -3.8125000 -3.3125000 -2.2812500 1.1250000 0.84375000 2.7500000 4.8750000 9.0625000 9.2187500 11.562500 14.250000 16.875000 19.812500 25.125000 27.875000 32.875000 40.156250 43.500000 49.093750 56.812500 60.687500 66.625000 72.875000 79.093750 85.437500 91.843750 98.187500 22.174664
1.8000 -473257.31 -681.25000 -679.06250 -678.50000 -679.50000 -677.34375 -678.34375 -677.78125 -677.18750 -675.03125 -551.43750 -437.81250 -330.84375 -232.37500 -132.18750 -41.125000 35.750000 104.53125 158.50000 203.40625 235.43750 256.84375 264.25000 184.28125 136.81250 101.06250 74.031250 54.125000 38.937500 26.812500 17.625000 10.625000 5.8750000 2.6250000 0.78125000 0.0000000 0.21875000 1.1250000 2.6250000 4.4375000 6.6875000 10.656250 11.562500 14.125000 16.781250 21.000000 22.000000 24.718750 27.687500 30.625000 33.812500 38.937500 42.187500 47.437500 54.375000 58.250000 63.781250 71.125000 75.312500 81.250000 87.218750 93.281250 99.406250 105.62500 111.75000 22.227886
2.0000 -472502.72 -830.96875 -829.87500 -829.62500 -830.21875 -829.09375 -829.68750 -829.43750 -829.18750 -828.09375 -703.46875 -587.68750 -480.03125 -381.09375 -280.34375 -189.71875 -112.40625 -44.718750 7.8437500 52.437500 83.000000 102.53125 109.71875 83.781250 64.906250 48.500000 35.062500 24.750000 16.593750 10.125000 5.3437500 2.0000000 0.062500000 -0.87500000 -0.81250000 0.0000000 1.4375000 3.4375000 5.8125000 8.3125000 11.156250 14.906250 16.937500 19.906250 22.843750 26.562500 28.562500 31.437500 34.593750 37.687500 41.031250 45.531250 49.781250 55.062500 61.406250 66.093750 71.750000 78.375000 83.312500 89.281250 95.250000 101.37500 107.43750 113.65625 119.68750 22.287140
2.2000 -473062.78 -834.43750 -830.93750 -829.65625 -830.62500 -827.09375 -828.06250 -826.78125 -825.50000 -821.96875 -697.34375 -584.00000 -478.21875 -380.59375 -281.03125 -189.43750 -114.53125 -47.156250 4.7187500 49.031250 79.343750 98.500000 102.87500 80.375000 64.781250 49.562500 35.375000 25.312500 17.250000 10.875000 6.0312500 2.5937500 0.46875000 -0.59375000 -0.75000000 0.0000000 1.2187500 3.1250000 5.3750000 7.8125000 10.562500 15.625000 16.218750 19.125000 22.062500 27.156250 27.687500 30.593750 33.687500 36.750000 40.031250 45.843750 48.781250 54.125000 61.750000 65.062500 70.750000 78.750000 82.312500 88.312500 94.312500 100.37500 106.56250 112.75000 118.87500 22.229733
2.4000 -472801.53 -886.40625 -884.37500 -883.68750 -884.34375 -882.28125 -882.90625 -882.21875 -881.50000 -879.46875 -753.28125 -637.93750 -529.53125 -429.84375 -328.03125 -236.43750 -158.09375 -88.687500 -35.437500 10.468750 41.656250 62.625000 69.531250 52.437500 40.375000 29.125000 19.125000 11.968750 6.5625000 2.4687500 -0.37500000 -2.1250000 -2.8125000 -2.5625000 -1.6250000 0.0000000 2.0312500 4.5000000 7.3125000 10.187500 13.312500 17.843750 19.562500 22.750000 25.687500 30.093750 31.562500 34.625000 37.843750 40.937500 44.312500 49.312500 53.250000 58.500000 65.312500 69.500000 75.062500 82.187500 86.625000 92.531250 98.500000 104.50000 110.50000 116.59375 122.59375 22.207735
2.6000 -472613.16 -766.96875 -765.25000 -764.62500 -765.15625 -763.37500 -763.90625 -763.28125 -762.65625 -760.93750 -638.46875 -525.43750 -419.90625 -324.75000 -224.84375 -136.96875 -60.875000 4.3125000 56.093750 98.906250 129.28125 147.96875 154.46875 115.15625 88.343750 66.437500 48.906250 35.500000 25.062500 16.687500 10.468750 5.8125000 2.6875000 0.81250000 -0.062500000 0.0000000 0.68750000 2.0000000 3.6875000 5.6875000 8.0625000 11.437500 12.812500 15.375000 17.875000 21.437500 22.843750 25.375000 28.218750 30.937500 33.812500 38.125000 41.718750 46.406250 52.312500 56.187500 61.250000 67.593750 71.750000 77.125000 82.531250 88.062500 93.500000 99.156250 104.62500 22.228945
2.8000 -473055.81 -687.31250 -685.28125 -684.46875 -684.90625 -682.87500 -683.28125 -682.50000 -681.68750 -679.62500 -553.93750 -438.56250 -330.15625 -231.75000 -129.21875 -37.687500 40.937500 108.96875 163.81250 209.75000 242.78125 263.25000 272.06250 203.06250 156.09375 118.43750 89.406250 66.687500 49.031250 34.687500 23.718750 15.031250 8.9375000 4.5000000 1.6250000 0.0000000 -0.50000000 -0.12500000 0.81250000 2.2500000 4.1875000 7.4375000 8.4375000 10.750000 13.250000 16.906250 18.218750 20.750000 23.625000 26.375000 29.562500 34.093750 37.812500 42.875000 49.281250 53.531250 59.062500 65.968750 70.437500 76.437500 82.437500 88.562500 94.625000 100.93750 107.06250 22.318138
3.0000 -472995.53 -786.68750 -784.84375 -783.75000 -783.34375 -781.50000 -781.09375 -780.00000 -778.87500 -777.03125 -651.59375 -534.06250 -426.03125 -326.84375 -224.03125 -133.18750 -54.656250 14.437500 68.125000 113.71875 145.90625 166.15625 174.78125 130.34375 99.093750 73.531250 53.875000 38.500000 26.750000 17.437500 10.531250 5.4375000 2.2187500 0.37500000 -0.31250000 0.0000000 1.0937500 2.7500000 4.9687500 7.4375000 10.187500 13.687500 15.906250 18.875000 21.812500 25.406250 27.562500 30.562500 33.750000 36.812500 40.250000 44.656250 49.281250 54.687500 61.062500 66.031250 71.906250 78.593750 83.875000 90.031250 96.187500 102.46875 108.78125 115.18750 121.43750 22.305470
3.2000 -473584.47 -757.93750 -756.75000 -755.87500 -755.25000 -754.09375 -753.46875 -752.56250 -751.68750 -750.50000 -623.90625 -506.78125 -398.09375 -298.87500 -196.09375 -105.00000 -25.968750 42.531250 98.656250 144.00000 176.96875 198.68750 208.43750 162.06250 127.37500 98.562500 75.906250 57.312500 42.406250 30.156250 20.500000 12.937500 7.5625000 3.6875000 1.3125000 0.0000000 -0.25000000 0.21875000 1.3750000 2.9375000 4.9375000 7.3125000 9.4062500 11.875000 14.468750 17.250000 19.468750 22.125000 25.031250 27.875000 31.000000 34.750000 39.437500 44.593750 50.187500 55.437500 61.062500 67.125000 72.687500 78.750000 84.812500 91.000000 97.281250 103.56250 109.81250 22.287069
3.4000 -472773.75 -878.71875 -877.37500 -877.09375 -877.84375 -876.46875 -877.21875 -876.93750 -876.62500 -875.28125 -750.78125 -637.12500 -531.43750 -433.84375 -333.75000 -243.21875 -167.65625 -101.65625 -48.625000 -6.0312500 24.812500 43.156250 49.718750 36.031250 26.343750 17.437500 9.5312500 4.2187500 0.093750000 -2.7500000 -4.4062500 -5.2187500 -4.9687500 -3.9687500 -2.2812500 0.0000000 2.5937500 5.6250000 8.9062500 12.093750 15.625000 20.093750 22.468750 25.812500 29.218750 33.468750 35.593750 38.718750 42.250000 45.531250 49.156250 54.031250 58.500000 64.125000 70.968750 75.750000 81.656250 88.718750 93.718750 99.843750 106.09375 112.34375 118.65625 125.03125 131.28125 22.259771
3.6000 -472690.75 -437.06250 -434.28125 -433.37500 -434.28125 -431.50000 -432.46875 -431.56250 -430.62500 -427.81250 -303.12500 -188.18750 -80.750000 17.312500 118.93750 211.50000 287.81250 356.68750 410.43750 456.71875 488.56250 509.53125 516.93750 266.15625 169.28125 113.59375 77.875000 53.906250 37.000000 24.187500 15.062500 8.4062500 4.0937500 1.4062500 0.12500000 0.0000000 0.71875000 2.1562500 4.0312500 6.2812500 8.8437500 13.437500 14.343750 17.093750 19.906250 24.656250 25.500000 28.281250 31.406250 34.468750 37.875000 43.375000 46.531250 51.937500 59.281250 62.843750 68.562500 76.312500 80.218750 86.125000 92.250000 98.343750 104.53125 110.71875 116.84375 22.351189
3.8000 -471136.00 -837.50000 -835.37500 -835.15625 -836.81250 -834.75000 -836.37500 -836.18750 -835.96875 -833.87500 -710.06250 -596.40625 -490.75000 -392.90625 -293.21875 -201.65625 -126.12500 -58.250000 -4.6875000 40.687500 71.875000 92.312500 99.812500 72.531250 54.843750 39.156250 25.656250 16.468750 9.5312500 4.2812500 0.65625000 -1.5937500 -2.5937500 -2.5312500 -1.6562500 0.0000000 2.0312500 4.6562500 7.5312500 10.562500 13.875000 19.062500 20.343750 23.656250 26.843750 31.968750 33.156250 36.218750 39.656250 42.937500 46.468750 52.218750 55.843750 61.500000 69.093750 73.093750 78.968750 86.968750 91.031250 97.281250 103.53125 109.90625 116.25000 122.65625 128.96875 22.368702
4.0000 -473604.00 -820.75000 -818.37500 -817.65625 -818.59375 -816.18750 -817.12500 -816.37500 -815.62500 -813.25000 -688.78125 -573.12500 -465.31250 -367.18750 -264.25000 -173.12500 -95.718750 -27.875000 25.687500 70.312500 101.71875 121.34375 128.18750 101.43750 81.781250 63.531250 47.437500 35.187500 25.375000 17.281250 11.031250 6.2500000 3.0000000 1.0000000 0.0000000 0.0000000 0.68750000 2.0000000 3.7500000 5.8125000 8.2500000 12.406250 13.375000 16.000000 18.718750 23.093750 23.968750 26.750000 29.781250 32.687500 35.875000 41.062500 44.375000 49.468750 56.500000 60.250000 65.843750 73.156250 77.281250 83.187500 89.218750 95.250000 101.34375 107.53125 113.62500 22.293604
4.2000 -473410.09 -773.21875 -771.78125 -771.12500 -771.37500 -769.87500 -770.12500 -769.46875 -768.87500 -767.37500 -640.90625 -524.21875 -415.65625 -316.31250 -213.53125 -122.34375 -44.593750 23.312500 78.687500 123.56250 155.09375 175.71875 183.50000 143.68750 113.87500 88.218750 67.437500 50.718750 37.218750 26.218750 17.625000 10.843750 6.0937500 2.8125000 0.87500000 0.0000000 0.062500000 0.75000000 2.1562500 3.8125000 5.9062500 9.0000000 10.562500 13.062500 15.562500 18.937500 20.625000 23.312500 26.125000 29.000000 32.125000 36.312500 40.312500 45.406250 51.375000 55.937500 61.375000 67.750000 72.656250 78.500000 84.375000 90.343750 96.343750 102.50000 108.46875 22.271008
4.4000 -473554.62 -494.06250 -492.62500 -492.31250 -493.25000 -491.81250 -492.65625 -492.40625 -492.15625 -490.68750 -362.34375 -243.75000 -133.31250 -32.531250 73.437500 167.75000 248.28125 319.62500 375.21875 422.90625 456.65625 479.68750 488.68750 366.00000 283.59375 218.90625 169.87500 130.75000 99.625000 73.875000 53.437500 36.500000 23.687500 13.625000 5.8125000 0.0000000 -3.9375000 -6.5625000 -8.1250000 -8.7812500 -8.7187500 -7.0312500 -7.3125000 -6.0312500 -4.7187500 -1.9062500 -1.3750000 0.43750000 2.6250000 4.8125000 7.2500000 11.218750 14.125000 18.468750 24.281250 27.906250 32.875000 39.343750 43.562500 49.125000 54.812500 60.562500 66.437500 72.437500 78.375000 22.276077
4.6000 -471602.72 -765.96875 -763.34375 -761.65625 -760.93750 -758.31250 -757.59375 -755.90625 -754.21875 -751.59375 -626.21875 -511.53125 -404.12500 -306.15625 -204.18750 -113.43750 -36.093750 30.125000 83.875000 127.68750 160.25000 179.37500 187.21875 143.50000 111.68750 84.906250 63.625000 46.812500 33.625000 23.000000 14.875000 8.6875000 4.5625000 1.8125000 0.40625000 0.0000000 0.46875000 1.6875000 3.3750000 5.4687500 7.8750000 11.343750 13.062500 15.812500 18.500000 22.218750 23.937500 26.750000 29.812500 32.812500 36.062500 40.656250 44.781250 50.000000 56.468750 61.000000 66.625000 73.406250 78.312500 84.312500 90.375000 96.500000 102.75000 108.93750 115.12500 22.308002
4.8000 -471734.59 58.156250 60.781250 61.937500 61.531250 64.156250 63.781250 64.906250 66.031250 68.656250 193.34375 308.03125 414.50000 511.90625 612.31250 703.40625 779.46875 847.53125 899.90625 944.15625 974.87500 994.15625 1000.0625 444.81250 276.12500 187.93750 134.37500 97.437500 70.718750 50.000000 34.468750 22.437500 13.687500 7.3125000 2.8750000 0.0000000 -1.5000000 -2.0000000 -1.7500000 -0.81250000 0.62500000 3.7812500 4.1250000 6.3125000 8.5000000 12.250000 13.062500 15.562500 18.250000 20.937500 23.843750 28.500000 31.750000 36.750000 43.312500 47.125000 52.562500 59.656250 63.875000 69.687500 75.593750 81.625000 87.812500 93.875000 100.00000 22.398180
5.0000 -473534.62 -680.68750 -678.78125 -678.50000 -679.90625 -677.96875 -679.37500 -679.09375 -678.84375 -676.90625 -550.87500 -435.53125 -327.18750 -227.06250 -125.18750 -32.281250 45.093750 114.31250 168.75000 214.18750 247.34375 268.31250 275.84375 218.34375 175.87500 138.87500 108.28125 83.718750 63.750000 47.031250 33.593750 22.562500 14.218750 7.8437500 3.2812500 0.0000000 -1.9062500 -2.8750000 -2.9687500 -2.4687500 -1.5000000 1.4375000 1.3750000 3.1562500 5.0312500 8.6875000 8.9687500 11.125000 13.625000 16.062500 18.781250 23.375000 26.000000 30.593750 37.000000 40.281250 45.406250 52.312500 56.031250 61.531250 67.062500 72.843750 78.687500 84.468750 90.281250 22.290241
5.2000 -472387.69 -664.71875 -662.71875 -661.84375 -662.06250 -660.06250 -660.31250 -659.40625 -658.53125 -656.53125 -531.06250 -415.65625 -309.18750 -210.09375 -109.40625 -18.562500 58.250000 126.09375 179.81250 222.18750 252.90625 271.84375 278.43750 211.31250 164.68750 126.75000 97.187500 73.781250 55.125000 39.812500 27.812500 18.187500 11.218750 6.0000000 2.3125000 0.0000000 -1.0312500 -1.3125000 -0.78125000 0.15625000 1.5937500 4.3750000 5.1875000 7.2500000 9.4375000 12.750000 13.875000 16.187500 18.812500 21.343750 24.218750 28.406250 31.906250 36.625000 42.656250 46.625000 51.875000 58.250000 62.750000 68.250000 73.968750 79.750000 85.750000 91.625000 97.468750 22.393345
5.4000 -472149.59 -532.25000 -529.96875 -528.84375 -528.96875 -526.65625 -526.81250 -525.71875 -524.65625 -522.28125 -396.81250 -282.65625 -174.56250 -74.781250 27.250000 120.25000 197.90625 266.31250 322.31250 367.28125 400.09375 421.93750 430.93750 323.50000 250.15625 192.09375 147.71875 112.68750 85.000000 62.406250 44.500000 29.937500 19.031250 10.687500 4.4062500 0.0000000 -2.8125000 -4.5000000 -5.1562500 -5.0000000 -4.3750000 -2.0625000 -1.8750000 -0.31250000 1.5625000 4.7187500 5.4062500 7.5625000 10.062500 12.437500 15.125000 19.343750 22.687500 27.250000 33.375000 37.218750 42.500000 49.125000 53.437500 59.187500 65.000000 70.937500 76.875000 83.062500 89.125000 22.377773
5.6000 -472257.28 -804.21875 -802.09375 -801.75000 -803.12500 -801.00000 -802.37500 -802.03125 -801.65625 -799.53125 -674.87500 -559.68750 -453.09375 -354.90625 -251.87500 -160.81250 -84.156250 -16.500000 37.343750 83.281250 115.03125 134.93750 142.09375 111.37500 89.218750 69.031250 51.562500 38.250000 27.531250 18.906250 12.187500 7.0312500 3.6250000 1.3750000 0.28125000 0.0000000 0.56250000 1.6562500 3.3125000 5.1875000 7.4062500 11.468750 12.187500 14.687500 17.281250 21.406250 22.187500 24.750000 27.625000 30.375000 33.312500 38.312500 41.250000 46.062500 52.781250 56.156250 61.312500 68.437500 72.125000 77.687500 83.281250 88.937500 94.687500 100.37500 106.06250 22.291567
5.8000 -472875.88 -737.84375 -736.28125 -735.59375 -735.81250 -734.25000 -734.50000 -733.84375 -733.15625 -731.56250 -606.56250 -491.28125 -383.40625 -285.37500 -183.96875 -92.593750 -14.906250 52.875000 106.78125 151.40625 183.46875 202.65625 210.62500 163.12500 128.40625 99.125000 75.750000 57.156250 42.218750 30.031250 20.500000 13.031250 7.6562500 3.8437500 1.3750000 0.0000000 -0.31250000 0.12500000 1.2500000 2.6875000 4.4375000 7.3750000 8.6562500 11.000000 13.375000 16.656250 18.062500 20.562500 23.312500 25.968750 29.000000 33.093750 36.875000 41.687500 47.625000 51.843750 57.125000 63.406250 68.062500 73.593750 79.312500 85.187500 91.000000 96.875000 102.71875 22.284531
6.0000 -473646.38 -677.00000 -674.81250 -674.37500 -675.87500 -673.62500 -675.09375 -674.68750 -674.34375 -672.09375 -547.43750 -434.25000 -327.09375 -228.90625 -128.90625 -37.312500 38.125000 107.03125 159.75000 204.28125 235.93750 256.00000 262.34375 200.96875 158.18750 122.43750 93.468750 71.000000 53.062500 38.343750 26.718750 17.375000 10.531250 5.5312500 2.1562500 0.0000000 -1.0000000 -1.1562500 -0.56250000 0.53125000 2.1562500 5.7500000 5.9062500 8.0625000 10.312500 14.500000 14.968750 17.375000 20.093750 22.781250 25.687500 30.781250 33.656250 38.562500 45.406250 48.843750 54.218750 61.625000 65.406250 71.218750 77.125000 83.031250 89.156250 95.250000 101.28125 22.228340
6.2000 -472538.88 -513.93750 -513.06250 -512.78125 -513.15625 -512.28125 -512.68750 -512.40625 -512.18750 -511.31250 -386.09375 -270.81250 -162.90625 -64.843750 37.312500 127.59375 205.15625 272.31250 326.50000 370.68750 401.96875 422.03125 429.56250 312.43750 238.03125 181.68750 140.09375 106.75000 80.625000 59.125000 42.250000 28.468750 18.156250 10.250000 4.2500000 0.0000000 -2.6250000 -4.2500000 -4.8125000 -4.8125000 -4.2187500 -2.5625000 -1.7812500 -0.25000000 1.5000000 3.9375000 5.3125000 7.2500000 9.6875000 11.968750 14.625000 18.062500 21.750000 26.187500 31.468750 35.812500 40.906250 46.625000 51.375000 56.843750 62.500000 68.156250 73.968750 79.875000 85.687500 22.293932
6.4000 -472520.00 -739.15625 -737.12500 -736.40625 -736.96875 -734.90625 -735.46875 -734.75000 -734.03125 -731.96875 -604.56250 -488.18750 -378.00000 -278.21875 -175.15625 -82.093750 -2.4687500 67.156250 123.43750 169.31250 202.90625 224.78125 233.46875 179.18750 140.18750 107.40625 81.312500 60.750000 44.562500 31.281250 21.125000 13.125000 7.4375000 3.6250000 1.1875000 0.0000000 -0.18750000 0.56250000 1.8437500 3.6250000 5.7812500 9.4375000 10.656250 13.281250 16.000000 19.906250 21.343750 24.125000 27.250000 30.250000 33.531250 38.406250 42.312500 47.718750 54.531250 58.937500 64.812500 72.000000 76.812500 82.937500 89.250000 95.625000 102.06250 108.56250 115.00000 22.291946
6.6000 -473534.91 -765.90625 -764.21875 -763.81250 -764.71875 -763.06250 -763.93750 -763.59375 -763.15625 -761.46875 -634.68750 -517.93750 -407.68750 -307.93750 -204.00000 -110.34375 -31.093750 38.718750 94.562500 140.93750 175.71875 197.34375 207.00000 157.25000 122.28125 93.093750 69.687500 51.562500 37.312500 25.875000 17.062500 10.312500 5.6875000 2.5625000 0.71875000 0.0000000 0.18750000 1.1875000 2.6875000 4.5312500 6.7500000 10.406250 11.625000 14.125000 16.750000 20.718750 21.968750 24.687500 27.625000 30.468750 33.593750 38.343750 41.937500 47.062500 53.687500 57.750000 63.250000 70.218750 74.625000 80.437500 86.375000 92.375000 98.375000 104.50000 110.53125 22.265238
6.8000 -473439.50 -782.37500 -780.46875 -779.28125 -778.87500 -776.93750 -776.53125 -775.34375 -774.21875 -772.25000 -646.53125 -530.09375 -422.15625 -323.43750 -220.46875 -128.81250 -49.312500 19.062500 74.312500 118.93750 152.84375 174.12500 183.09375 146.81250 118.62500 93.656250 73.156250 56.125000 42.187500 30.406250 21.093750 13.593750 8.0937500 4.0937500 1.4375000 0.0000000 -0.46875000 -0.18750000 0.71875000 2.0937500 3.9062500 6.5625000 8.0312500 10.437500 12.781250 15.906250 17.656250 20.156250 23.031250 25.781250 28.843750 32.875000 37.031250 42.093750 48.031250 52.750000 58.281250 64.687500 69.781250 75.718750 81.718750 87.937500 94.156250 100.46875 106.62500 22.328363
7.0000 -472800.59 -729.87500 -728.25000 -727.71875 -728.09375 -726.56250 -727.00000 -726.40625 -725.84375 -724.25000 -601.68750 -489.21875 -385.78125 -290.12500 -191.84375 -103.87500 -28.593750 36.125000 88.062500 130.21875 160.56250 178.37500 184.09375 145.37500 116.31250 90.937500 69.906250 53.000000 39.375000 28.031250 19.093750 12.031250 7.0000000 3.4062500 1.1562500 0.0000000 -0.15625000 0.46875000 1.5937500 3.1875000 5.2187500 8.3750000 9.7187500 12.093750 14.593750 18.093750 19.656250 22.218750 25.156250 27.968750 31.093750 35.437500 39.375000 44.500000 50.750000 55.156250 60.718750 67.406250 72.281250 78.156250 84.156250 90.343750 96.500000 102.81250 108.90625 22.336767
7.2000 -473634.66 -726.28125 -725.12500 -724.87500 -725.40625 -724.25000 -724.81250 -724.53125 -724.21875 -723.09375 -597.28125 -481.31250 -373.62500 -274.31250 -172.87500 -81.468750 -2.9375000 66.093750 121.71875 166.81250 199.18750 220.78125 229.87500 175.50000 136.50000 104.31250 79.093750 59.000000 43.343750 30.406250 20.562500 12.812500 7.3750000 3.5937500 1.1875000 0.0000000 -0.28125000 0.40625000 1.6250000 3.3125000 5.3750000 8.4375000 10.000000 12.500000 15.062500 18.468750 20.156250 22.812500 25.750000 28.687500 31.812500 36.187500 40.281250 45.468750 51.625000 56.250000 61.875000 68.437500 73.500000 79.468750 85.500000 91.625000 97.875000 104.12500 110.31250 22.300186
7.4000 -473437.41 -709.37500 -706.18750 -704.78125 -705.09375 -701.90625 -702.28125 -700.87500 -699.43750 -696.25000 -571.09375 -456.87500 -349.87500 -251.18750 -148.93750 -56.812500 20.812500 88.812500 143.34375 188.50000 221.53125 242.09375 250.12500 192.43750 151.84375 117.68750 89.812500 68.156250 50.937500 36.718750 25.562500 16.625000 10.062500 5.3750000 2.0000000 0.0000000 -0.93750000 -1.0625000 -0.50000000 0.56250000 2.0312500 5.5000000 5.6875000 7.7812500 9.9375000 13.812500 14.312500 16.687500 19.281250 21.812500 24.593750 29.406250 32.218750 36.843750 43.437500 46.687500 51.875000 58.843750 62.500000 68.031250 73.656250 79.375000 85.062500 90.937500 96.718750 22.349531
7.6000 -472165.00 -651.31250 -649.31250 -648.84375 -649.90625 -647.90625 -648.93750 -648.46875 -648.00000 -646.00000 -517.00000 -398.15625 -287.65625 -185.31250 -79.937500 14.093750 95.718750 167.53125 225.09375 274.15625 309.34375 333.71875 344.68750 257.00000 198.75000 152.43750 116.56250 88.656250 66.500000 48.437500 34.187500 22.656250 14.187500 7.8125000 3.1250000 0.0000000 -1.6875000 -2.4375000 -2.4375000 -1.6875000 -0.62500000 2.5000000 2.6875000 4.5625000 6.6875000 10.437500 10.968750 13.218750 15.875000 18.375000 21.312500 26.062500 28.937500 33.781250 40.312500 43.875000 49.250000 56.375000 60.375000 66.125000 71.968750 77.906250 84.000000 90.062500 96.125000 22.305439
7.8000 -472495.94 -661.71875 -660.12500 -659.62500 -660.09375 -658.53125 -659.00000 -658.50000 -657.93750 -656.37500 -527.71875 -410.09375 -299.25000 -198.06250 -94.406250 -0.34375000 79.375000 150.46875 206.62500 254.75000 288.50000 311.59375 320.96875 247.78125 195.00000 151.37500 117.03125 89.468750 67.343750 49.218750 34.718750 23.062500 14.468750 7.9062500 3.2500000 0.0000000 -1.7187500 -2.4687500 -2.4062500 -1.7187500 -0.46875000 2.1875000 2.9062500 4.9375000 7.0937500 10.437500 11.531250 13.937500 16.593750 19.218750 22.125000 26.500000 30.093750 35.031250 41.281250 45.562500 51.031250 57.812500 62.468750 68.375000 74.406250 80.531250 86.750000 93.031250 99.281250 22.310402
8.0000 -472954.47 -785.65625 -783.62500 -782.90625 -783.50000 -781.43750 -782.03125 -781.31250 -780.56250 -778.53125 -653.40625 -537.18750 -427.87500 -329.65625 -226.15625 -133.43750 -56.156250 14.531250 68.562500 114.40625 148.00000 169.25000 178.37500 132.87500 101.40625 75.531250 55.000000 39.500000 27.531250 18.125000 11.125000 5.8750000 2.5625000 0.62500000 -0.15625000 0.0000000 1.0000000 2.5625000 4.5625000 6.8437500 9.5312500 13.593750 15.125000 17.968750 20.750000 24.906250 26.375000 29.250000 32.375000 35.437500 38.687500 43.625000 47.531250 52.750000 59.562500 63.718750 69.437500 76.468750 80.937500 86.937500 93.000000 99.031250 105.21875 111.37500 117.50000 22.344036
8.2000 -472101.06 -680.37500 -677.56250 -676.06250 -675.84375 -673.00000 -672.78125 -671.28125 -669.75000 -666.96875 -542.56250 -427.12500 -320.87500 -222.40625 -121.03125 -29.562500 47.906250 115.93750 169.90625 215.09375 248.34375 268.68750 276.84375 198.68750 148.68750 110.18750 81.343750 59.468750 42.875000 29.593750 19.656250 11.937500 6.6562500 3.0937500 0.96875000 0.0000000 0.093750000 0.96875000 2.3437500 4.2812500 6.4687500 10.125000 11.406250 14.000000 16.687500 20.625000 22.031250 24.781250 27.781250 30.750000 34.031250 38.812500 42.656250 47.937500 54.718750 58.968750 64.656250 71.843750 76.500000 82.531250 88.687500 94.906250 101.28125 107.59375 113.87500 22.360790
8.4000 -473914.72 -530.68750 -529.21875 -528.93750 -529.93750 -528.46875 -529.43750 -529.15625 -528.93750 -527.46875 -399.50000 -281.46875 -170.93750 -70.000000 35.000000 130.09375 209.93750 280.09375 337.37500 383.90625 418.25000 440.90625 450.34375 342.59375 266.81250 205.81250 158.84375 121.40625 91.718750 67.343750 48.031250 32.406250 20.687500 11.562500 4.9062500 0.0000000 -3.0937500 -4.9687500 -5.7812500 -5.7812500 -5.0937500 -2.9062500 -2.6562500 -1.0312500 0.84375000 3.9375000 4.7812500 6.9687500 9.4687500 12.031250 14.781250 19.156250 22.468750 27.218750 33.437500 37.500000 42.906250 49.750000 54.218750 60.093750 66.156250 72.312500 78.500000 84.781250 91.031250 22.298090
8.6000 -472838.97 -754.00000 -752.25000 -751.65625 -752.09375 -750.37500 -750.84375 -750.18750 -749.53125 -747.81250 -625.00000 -512.65625 -408.12500 -313.03125 -214.03125 -126.50000 -52.312500 12.031250 62.718750 104.03125 132.46875 149.50000 154.09375 116.25000 89.281250 66.656250 48.562500 34.656250 24.000000 15.562500 9.1875000 4.5625000 1.6875000 0.12500000 -0.40625000 0.0000000 1.1250000 2.8125000 4.9375000 7.3125000 10.062500 13.843750 15.625000 18.531250 21.437500 25.343750 27.000000 29.875000 32.968750 35.968750 39.250000 43.906250 47.906250 53.250000 59.656250 64.093750 69.687500 76.468750 81.187500 87.000000 92.875000 98.968750 105.12500 111.12500 117.18750 22.302414
8.8000 -473238.56 -735.06250 -732.28125 -731.46875 -732.68750 -729.90625 -731.12500 -730.31250 -729.53125 -726.75000 -599.62500 -482.34375 -371.90625 -270.62500 -165.09375 -71.031250 8.5937500 79.750000 134.65625 182.90625 218.25000 240.21875 249.00000 187.96875 146.06250 111.15625 82.906250 61.562500 44.875000 31.437500 21.031250 13.031250 7.4062500 3.5312500 1.1250000 0.0000000 -0.093750000 0.59375000 2.0312500 3.7812500 5.9687500 10.406250 10.843750 13.500000 16.218750 20.968750 21.531250 24.406250 27.406250 30.468750 33.718750 39.375000 42.531250 47.968750 55.500000 59.156250 64.968750 72.968750 76.968750 83.156250 89.406250 95.750000 102.21875 108.65625 115.09375 22.355310
9.0000 -473529.22 -846.46875 -844.18750 -842.84375 -842.43750 -840.12500 -839.75000 -838.37500 -837.06250 -834.75000 -708.46875 -591.65625 -482.71875 -383.84375 -280.71875 -189.71875 -111.06250 -42.812500 11.312500 56.187500 89.187500 107.90625 116.03125 91.625000 73.000000 56.312500 42.312500 31.125000 22.093750 14.812500 9.1875000 4.9375000 2.1250000 0.56250000 -0.25000000 0.0000000 0.84375000 2.3125000 4.2187500 6.3125000 8.7500000 12.125000 13.812500 16.500000 19.062500 22.562500 24.250000 26.968750 29.875000 32.718750 35.812500 40.062500 44.031250 49.031250 55.031250 59.312500 64.750000 71.156250 75.875000 81.500000 87.250000 93.031250 98.937500 104.84375 110.68750 22.261433
9.2000 -473867.81 -708.56250 -706.96875 -706.75000 -707.87500 -706.28125 -707.40625 -707.18750 -706.93750 -705.37500 -579.21875 -462.12500 -352.87500 -252.56250 -150.00000 -56.062500 23.281250 93.343750 148.90625 195.28125 228.62500 250.65625 259.62500 202.00000 159.93750 124.12500 95.312500 72.375000 54.093750 39.000000 27.125000 17.625000 10.750000 5.6875000 2.1875000 0.0000000 -0.93750000 -1.1250000 -0.56250000 0.56250000 2.0312500 5.1875000 5.8125000 7.9687500 10.218750 13.750000 14.718750 17.093750 19.687500 22.281250 25.218750 29.656250 32.937500 37.750000 43.968750 47.750000 53.000000 59.687500 63.812500 69.468750 75.125000 80.968750 86.812500 92.656250 98.500000 22.257343
9.4000 -473679.03 -643.65625 -642.53125 -642.06250 -642.25000 -641.15625 -641.34375 -640.87500 -640.40625 -639.28125 -513.84375 -396.21875 -288.21875 -188.06250 -84.812500 5.6875000 85.031250 154.31250 208.96875 254.18750 287.28125 308.81250 317.62500 251.03125 200.78125 158.34375 124.59375 96.687500 73.937500 54.812500 39.437500 26.750000 17.125000 9.6562500 4.1250000 0.0000000 -2.4687500 -3.9687500 -4.5625000 -4.4375000 -3.6875000 -2.0312500 -1.3437500 0.18750000 1.9687500 4.4375000 5.6562500 7.6875000 10.062500 12.375000 15.062500 18.593750 22.125000 26.625000 31.968750 36.187500 41.218750 47.218750 51.812500 57.312500 62.937500 68.625000 74.437500 80.375000 86.187500 22.253719
9.6000 -473844.16 -613.21875 -611.43750 -610.96875 -611.84375 -610.09375 -610.96875 -610.53125 -610.06250 -608.25000 -483.12500 -368.15625 -260.90625 -161.46875 -60.468750 30.281250 107.84375 175.43750 229.56250 273.68750 304.87500 325.09375 332.03125 258.06250 204.46875 159.59375 123.81250 95.062500 72.000000 52.875000 37.656250 25.187500 15.968750 8.8750000 3.6250000 0.0000000 -2.1562500 -3.4375000 -3.8125000 -3.4375000 -2.5625000 -0.031250000 0.093750000 1.8437500 3.6250000 6.9062500 7.5625000 9.6875000 12.093750 14.500000 17.062500 21.406250 24.312500 28.750000 34.812500 38.312500 43.375000 49.875000 53.812500 59.281250 64.750000 70.437500 76.125000 81.906250 87.625000 22.328499
9.8000 -473078.59 -734.15625 -732.12500 -731.43750 -732.03125 -730.00000 -730.59375 -729.90625 -729.15625 -727.15625 -602.28125 -487.06250 -380.87500 -283.37500 -182.53125 -92.218750 -16.062500 50.250000 102.46875 145.62500 176.34375 193.62500 199.25000 151.56250 117.96875 90.000000 67.562500 50.062500 36.375000 25.312500 16.781250 10.250000 5.6875000 2.5625000 0.71875000 0.0000000 0.062500000 0.87500000 2.3125000 4.0000000 6.1250000 9.7187500 10.718750 13.187500 15.687500 19.531250 20.562500 23.187500 25.968750 28.812500 31.843750 36.468750 39.906250 44.812500 51.218750 55.062500 60.375000 67.093750 71.312500 76.937500 82.718750 88.500000 94.375000 100.28125 106.12500 22.322197
10.0000 -473279.25 -776.62500 -774.43750 -773.62500 -774.25000 -772.03125 -772.65625 -771.81250 -771.00000 -768.81250 -644.56250 -530.56250 -423.59375 -326.50000 -225.18750 -134.31250 -57.312500 9.0312500 62.968750 106.81250 138.28125 157.56250 164.71875 128.87500 102.46875 79.156250 59.687500 44.375000 32.218750 22.250000 14.500000 8.5312500 4.5625000 1.8750000 0.40625000 0.0000000 0.50000000 1.6250000 3.3125000 5.3125000 7.7500000 11.625000 12.968750 15.687500 18.375000 22.531250 23.875000 26.687500 29.812500 32.812500 36.093750 41.031250 44.781250 50.187500 56.906250 61.156250 66.875000 74.093750 78.750000 84.843750 91.062500 97.250000 103.62500 109.90625 116.21875 22.246367
10.2000 -473113.62 -722.43750 -719.28125 -717.53125 -717.25000 -714.06250 -713.78125 -712.03125 -710.31250 -707.12500 -583.71875 -470.43750 -365.53125 -268.46875 -168.09375 -78.625000 -3.2812500 62.500000 114.84375 157.21875 187.78125 205.68750 211.50000 165.00000 131.03125 101.53125 77.312500 58.187500 42.968750 30.468750 20.750000 13.031250 7.5625000 3.7187500 1.2500000 0.0000000 -0.21875000 0.34375000 1.5312500 3.0625000 5.1250000 8.7812500 9.6562500 12.093750 14.593750 18.593750 19.656250 22.250000 25.187500 28.062500 31.187500 36.031250 39.531250 44.562500 51.343750 55.312500 60.875000 68.093750 72.437500 78.312500 84.312500 90.375000 96.562500 102.75000 108.93750 22.355841
10.4000 -474369.69 -806.03125 -805.68750 -805.37500 -805.12500 -804.75000 -804.53125 -804.18750 -803.87500 -803.53125 -679.12500 -564.12500 -457.87500 -360.43750 -260.56250 -172.00000 -94.781250 -28.281250 25.937500 68.031250 98.593750 117.84375 125.78125 98.687500 77.531250 59.375000 45.000000 33.000000 23.375000 15.562500 9.6562500 5.1875000 2.2500000 0.50000000 -0.25000000 0.0000000 0.87500000 2.3750000 4.1875000 6.3750000 8.8750000 11.562500 14.187500 16.812500 19.500000 22.406250 24.843750 27.562500 30.562500 33.468750 36.625000 40.187500 45.000000 50.062500 55.375000 60.562500 66.062500 71.718750 77.312500 83.062500 88.812500 94.718750 100.68750 106.68750 112.56250 22.299946
10.6000 -472472.09 -756.68750 -754.21875 -753.21875 -753.78125 -751.31250 -751.90625 -750.90625 -749.93750 -747.46875 -621.75000 -506.93750 -399.09375 -300.25000 -197.65625 -105.06250 -28.000000 40.156250 94.656250 139.56250 171.71875 192.37500 199.50000 153.00000 120.03125 91.968750 69.000000 51.312500 37.343750 25.968750 17.312500 10.375000 5.7812500 2.5937500 0.75000000 0.0000000 0.12500000 1.0000000 2.5000000 4.3437500 6.6250000 10.531250 11.500000 14.093750 16.750000 20.906250 22.062500 24.687500 27.750000 30.718750 33.906250 38.937500 42.562500 47.781250 54.656250 58.750000 64.375000 71.718750 76.062500 82.125000 88.187500 94.437500 100.68750 107.06250 113.25000 22.274496
10.8000 -472180.03 -549.75000 -547.06250 -545.90625 -546.18750 -543.50000 -543.75000 -542.62500 -541.40625 -538.71875 -413.87500 -300.34375 -192.56250 -94.625000 7.0000000 97.093750 173.28125 240.96875 295.09375 339.18750 370.68750 390.50000 398.03125 260.93750 189.00000 139.12500 103.50000 76.937500 56.625000 40.375000 27.906250 18.000000 10.937500 5.7500000 2.1875000 0.0000000 -1.0000000 -1.0625000 -0.43750000 0.75000000 2.3750000 5.6562500 6.3750000 8.5625000 10.937500 14.656250 15.562500 18.000000 20.812500 23.562500 26.562500 31.375000 34.656250 39.687500 46.250000 50.187500 55.687500 62.750000 67.062500 72.937500 78.937500 85.000000 91.125000 97.437500 103.56250 22.315666
11.0000 -472149.69 -773.37500 -769.75000 -766.81250 -764.53125 -760.93750 -758.65625 -755.68750 -752.75000 -749.15625 -624.65625 -508.62500 -400.62500 -301.75000 -201.06250 -110.96875 -33.531250 33.718750 88.062500 132.37500 163.90625 183.81250 191.62500 151.06250 120.03125 93.343750 71.875000 54.312500 40.250000 28.500000 19.375000 12.156250 7.0000000 3.4375000 1.1250000 0.0000000 -0.15625000 0.50000000 1.6875000 3.2812500 5.3125000 8.0000000 9.7500000 12.187500 14.687500 17.718750 19.625000 22.187500 25.031250 27.750000 30.875000 34.781250 39.000000 44.062500 49.781250 54.500000 59.937500 66.156250 71.218750 76.968750 82.812500 88.750000 94.781250 100.87500 106.87500 22.302151
11.2000 -473257.84 -630.00000 -626.96875 -625.68750 -626.21875 -623.18750 -623.68750 -622.43750 -621.12500 -618.09375 -494.28125 -381.56250 -275.12500 -177.43750 -77.906250 12.656250 87.593750 154.65625 206.96875 250.46875 280.62500 298.90625 304.37500 207.43750 151.75000 111.03125 80.906250 58.937500 42.281250 29.187500 19.312500 11.750000 6.5000000 3.0625000 0.90625000 0.0000000 0.031250000 0.81250000 2.1875000 3.9062500 6.0625000 10.093750 10.781250 13.343750 15.937500 20.281250 21.062500 23.718750 26.687500 29.500000 32.625000 37.937500 41.125000 46.250000 53.312500 56.937500 62.500000 70.000000 74.031250 79.937500 85.875000 91.937500 98.156250 104.31250 110.37500 22.294737
11.4000 -473098.84 -776.96875 -775.00000 -774.31250 -774.90625 -772.93750 -773.53125 -772.87500 -772.15625 -770.21875 -644.34375 -528.68750 -420.37500 -320.46875 -218.65625 -125.81250 -47.625000 21.250000 76.968750 121.90625 154.78125 176.62500 185.03125 134.90625 101.81250 75.250000 54.531250 38.968750 27.093750 17.750000 10.718750 5.6875000 2.4375000 0.53125000 -0.21875000 0.0000000 1.0312500 2.6562500 4.8437500 7.2812500 10.031250 14.125000 15.656250 18.531250 21.500000 25.812500 27.281250 30.218750 33.468750 36.593750 40.062500 45.062500 49.062500 54.562500 61.562500 65.906250 71.718750 79.093750 83.750000 89.906250 96.218750 102.46875 108.90625 115.25000 121.62500 22.314604
11.6000 -472516.81 -815.53125 -813.40625 -812.68750 -813.37500 -811.25000 -811.93750 -811.25000 -810.53125 -808.40625 -683.71875 -570.81250 -464.31250 -367.15625 -266.96875 -177.87500 -101.96875 -35.781250 16.843750 59.812500 89.968750 109.25000 115.34375 87.468750 67.968750 50.718750 36.156250 25.500000 17.062500 10.468750 5.6562500 2.1875000 0.15625000 -0.78125000 -0.90625000 0.0000000 1.3437500 3.3437500 5.6562500 8.0937500 10.843750 15.093750 16.500000 19.406250 22.218750 26.468750 27.812500 30.593750 33.718750 36.718750 39.968750 44.937500 48.500000 53.656250 60.343750 64.250000 69.750000 76.781250 81.031250 86.750000 92.625000 98.437500 104.40625 110.40625 116.21875 22.313263
11.8000 -472683.28 -809.59375 -806.28125 -804.28125 -803.68750 -800.37500 -799.75000 -797.78125 -795.78125 -792.50000 -668.25000 -554.81250 -448.56250 -351.06250 -250.59375 -160.40625 -84.750000 -17.968750 35.125000 79.125000 110.37500 129.15625 135.90625 106.75000 85.218750 65.750000 49.281250 36.375000 26.125000 17.687500 11.187500 6.2500000 3.0000000 1.0312500 0.0000000 0.0000000 0.65625000 1.9062500 3.7812500 5.8125000 8.2500000 11.937500 13.281250 15.875000 18.593750 22.500000 23.781250 26.500000 29.500000 32.375000 35.500000 40.312500 43.875000 48.937500 55.437500 59.500000 64.937500 71.875000 76.250000 82.000000 87.812500 93.750000 99.812500 105.75000 111.75000 22.317471
12.0000 -472733.00 -651.71875 -649.09375 -647.93750 -648.34375 -645.65625 -646.03125 -644.90625 -643.75000 -641.09375 -512.84375 -395.40625 -284.96875 -183.84375 -79.375000 15.406250 95.625000 166.37500 222.21875 269.87500 304.59375 326.71875 336.62500 232.68750 171.87500 127.12500 93.968750 69.250000 50.281250 35.281250 23.843750 14.906250 8.6875000 4.3437500 1.5312500 0.0000000 -0.34375000 0.12500000 1.2812500 2.8125000 4.7812500 8.5625000 9.2812500 11.781250 14.343750 18.437500 19.468750 22.031250 25.000000 27.906250 30.968750 36.000000 39.406250 44.500000 51.406250 55.218750 60.781250 68.000000 72.218750 78.218750 84.250000 90.281250 96.468750 102.62500 108.71875 22.275587
12.2000 -472397.47 -837.34375 -835.37500 -835.00000 -836.15625 -834.21875 -835.40625 -835.00000 -834.62500 -832.68750 -704.65625 -586.71875 -475.71875 -374.65625 -269.34375 -174.93750 -94.156250 -23.531250 33.281250 81.000000 115.75000 139.34375 148.87500 115.87500 91.843750 70.500000 52.437500 38.500000 27.593750 18.687500 11.906250 6.6875000 3.3125000 1.1250000 0.062500000 0.0000000 0.68750000 2.0312500 3.8125000 5.9375000 8.3750000 12.406250 13.437500 16.156250 18.750000 22.968750 24.062500 26.750000 29.750000 32.687500 35.750000 40.687500 44.093750 49.187500 55.843750 59.625000 65.125000 72.125000 76.218750 81.937500 87.750000 93.625000 99.500000 105.50000 111.37500 22.219740
12.4000 -472162.97 -913.96875 -911.40625 -909.96875 -909.65625 -907.12500 -906.81250 -905.40625 -904.00000 -901.43750 -775.34375 -659.25000 -550.71875 -451.78125 -348.87500 -256.87500 -177.46875 -108.75000 -53.250000 -7.5937500 26.343750 47.406250 56.406250 41.312500 30.687500 20.843750 12.250000 6.2812500 1.8750000 -1.3750000 -3.3750000 -4.3750000 -4.4375000 -3.5625000 -2.0937500 0.0000000 2.4375000 5.3437500 8.4375000 11.562500 15.000000 19.406250 21.562500 24.875000 28.031250 32.312500 34.156250 37.187500 40.500000 43.750000 47.250000 52.062500 56.156250 61.625000 68.218750 72.750000 78.437500 85.281250 90.062500 95.812500 101.81250 107.81250 113.90625 119.87500 125.87500 22.228788
12.6000 -474083.22 -792.71875 -790.84375 -789.46875 -788.65625 -786.75000 -785.93750 -784.62500 -783.25000 -781.37500 -653.62500 -535.56250 -426.18750 -325.71875 -222.00000 -128.21875 -48.281250 21.343750 78.343750 124.21875 158.09375 180.59375 191.06250 150.75000 119.93750 93.406250 72.125000 54.562500 40.468750 28.750000 19.593750 12.375000 7.1250000 3.5000000 1.1250000 0.0000000 -0.21875000 0.37500000 1.5000000 3.0937500 5.1250000 7.8750000 9.5625000 12.031250 14.593750 17.625000 19.593750 22.187500 25.062500 27.906250 30.968750 34.968750 39.312500 44.437500 50.218750 55.000000 60.562500 66.812500 72.093750 77.937500 83.875000 89.937500 96.062500 102.31250 108.40625 22.283876
12.8000 -471787.00 -707.65625 -706.25000 -706.09375 -707.21875 -705.84375 -706.93750 -706.78125 -706.62500 -705.21875 -577.46875 -459.75000 -350.40625 -250.40625 -145.43750 -51.937500 27.000000 97.281250 153.03125 199.53125 233.78125 255.56250 264.75000 205.50000 162.37500 125.93750 96.875000 73.593750 55.125000 39.750000 27.718750 18.125000 11.062500 5.8750000 2.3750000 0.0000000 -1.1250000 -1.2500000 -0.75000000 0.25000000 1.6875000 4.6250000 5.3750000 7.4062500 9.5625000 13.000000 14.000000 16.312500 18.937500 21.562500 24.375000 28.687500 32.000000 36.750000 42.843750 46.687500 51.875000 58.375000 62.625000 68.187500 73.843750 79.500000 85.375000 91.218750 97.031250 22.349127
13.0000 -472296.25 -619.65625 -618.15625 -617.37500 -617.31250 -615.78125 -615.75000 -614.96875 -614.15625 -612.65625 -485.65625 -369.56250 -261.84375 -162.50000 -60.625000 31.437500 110.75000 180.03125 234.53125 280.62500 313.68750 334.84375 343.93750 206.31250 139.59375 96.687500 68.250000 47.625000 32.625000 21.250000 13.031250 7.0625000 3.2500000 1.0000000 0.0000000 0.0000000 0.87500000 2.4062500 4.4062500 6.6250000 9.3125000 12.593750 14.656250 17.500000 20.312500 23.781250 25.812500 28.593750 31.687500 34.625000 37.875000 42.093750 46.375000 51.531250 57.593750 62.187500 67.750000 74.093750 79.000000 84.781250 90.562500 96.500000 102.37500 108.43750 114.28125 22.351439
13.2000 -472563.19 -877.12500 -875.56250 -874.68750 -874.40625 -872.90625 -872.62500 -871.75000 -870.84375 -869.34375 -744.12500 -628.15625 -520.25000 -421.71875 -319.31250 -229.18750 -150.78125 -82.062500 -27.125000 19.281250 51.812500 73.093750 83.000000 62.875000 47.906250 34.812500 24.093750 15.875000 9.4375000 4.5312500 1.0937500 -1.0937500 -2.1562500 -2.1875000 -1.4375000 0.0000000 1.9375000 4.3125000 7.0625000 9.8437500 12.906250 16.656250 19.000000 22.125000 25.187500 28.781250 31.000000 33.937500 37.156250 40.250000 43.562500 47.843750 52.343750 57.656250 63.656250 68.500000 74.062500 80.406250 85.562500 91.312500 97.187500 103.18750 109.12500 115.18750 121.06250 22.352638
13.4000 -473933.84 -879.90625 -877.81250 -877.18750 -878.03125 -875.87500 -876.71875 -876.09375 -875.43750 -873.34375 -749.09375 -635.53125 -527.40625 -429.68750 -328.90625 -238.50000 -162.53125 -94.593750 -41.250000 3.5312500 34.875000 54.343750 61.250000 45.000000 33.937500 23.437500 14.000000 7.5625000 2.7500000 -0.78125000 -2.9687500 -4.1250000 -4.2500000 -3.5000000 -2.0625000 0.0000000 2.4687500 5.3125000 8.4375000 11.687500 15.125000 20.000000 21.812500 25.125000 28.375000 33.031250 34.656250 37.812500 41.187500 44.437500 47.937500 53.312500 57.250000 62.750000 69.937500 74.187500 80.000000 87.437500 91.937500 98.000000 104.09375 110.31250 116.50000 122.78125 128.90625 22.299862
13.6000 -473589.41 -813.12500 -811.81250 -811.37500 -811.81250 -810.56250 -811.00000 -810.59375 -810.15625 -808.84375 -683.87500 -568.25000 -460.93750 -363.21875 -262.09375 -171.81250 -92.843750 -26.562500 26.937500 71.531250 103.28125 122.59375 129.43750 95.687500 72.093750 52.718750 37.468750 25.937500 17.125000 10.312500 5.3437500 1.8750000 -0.093750000 -1.0625000 -0.90625000 0.0000000 1.5000000 3.4375000 5.9062500 8.4375000 11.312500 15.031250 17.093750 20.062500 22.937500 26.687500 28.593750 31.468750 34.593750 37.562500 40.937500 45.343750 49.500000 54.687500 60.906250 65.500000 71.093750 77.593750 82.500000 88.375000 94.187500 100.15625 106.12500 112.15625 118.09375 22.289398
13.8000 -472213.00 -483.06250 -481.81250 -481.53125 -482.15625 -480.93750 -481.56250 -481.25000 -480.93750 -479.71875 -353.00000 -234.93750 -126.43750 -26.062500 76.531250 169.87500 248.68750 319.06250 374.53125 421.03125 455.21875 478.00000 487.84375 293.09375 199.65625 140.06250 100.59375 72.093750 51.250000 35.281250 23.406250 14.406250 8.1562500 3.9375000 1.3437500 0.0000000 -0.093750000 0.50000000 1.8437500 3.6562500 5.7812500 9.0937500 10.718750 13.343750 16.031250 19.593750 21.281250 24.093750 27.156250 30.156250 33.406250 37.937500 42.156250 47.468750 53.906250 58.593750 64.375000 71.250000 76.343750 82.468750 88.656250 94.937500 101.28125 107.78125 114.06250 22.348127
14.0000 -473076.75 -804.59375 -804.50000 -804.46875 -804.43750 -804.34375 -804.31250 -804.28125 -804.21875 -804.09375 -678.50000 -561.00000 -453.09375 -353.78125 -250.62500 -159.00000 -81.218750 -13.125000 44.000000 88.593750 120.56250 141.62500 151.90625 117.50000 91.187500 69.281250 52.187500 38.125000 26.968750 18.062500 11.218750 6.1250000 2.8750000 0.84375000 -0.12500000 0.0000000 0.75000000 2.2812500 4.1875000 6.4062500 8.9375000 11.687500 14.281250 17.062500 19.906250 22.750000 25.375000 28.156250 31.312500 34.218750 37.500000 41.093750 46.062500 51.250000 56.718750 62.062500 67.718750 73.500000 79.250000 85.125000 91.062500 97.125000 103.18750 109.31250 115.37500 22.275404
14.2000 -473373.69 -888.03125 -885.96875 -885.53125 -886.78125 -884.68750 -885.93750 -885.46875 -885.06250 -883.00000 -754.00000 -636.50000 -524.25000 -421.65625 -315.90625 -220.90625 -140.90625 -67.125000 -11.250000 37.593750 71.937500 95.531250 105.31250 81.781250 64.906250 49.312500 35.468750 25.343750 17.250000 10.781250 6.0312500 2.5312500 0.43750000 -0.62500000 -0.71875000 0.0000000 1.2812500 3.0937500 5.3125000 7.7500000 10.437500 14.750000 15.906250 18.750000 21.625000 25.937500 26.937500 29.750000 32.812500 35.750000 38.968750 44.125000 47.500000 52.593750 59.437500 63.187500 68.687500 75.937500 79.875000 85.687500 91.500000 97.375000 103.31250 109.31250 115.18750 22.204262
14.4000 -475054.31 -803.78125 -802.84375 -802.62500 -803.18750 -802.25000 -802.81250 -802.62500 -802.43750 -801.46875 -674.56250 -558.09375 -448.68750 -349.46875 -245.75000 -152.75000 -74.406250 -5.1250000 51.312500 97.125000 130.18750 152.12500 161.65625 128.71875 103.56250 81.406250 62.968750 47.937500 35.750000 25.562500 17.437500 11.000000 6.3750000 3.0625000 1.0625000 0.0000000 -0.15625000 0.43750000 1.4687500 2.9375000 4.8125000 7.6875000 9.0312500 11.312500 13.656250 16.843750 18.343750 20.750000 23.531250 26.250000 29.125000 33.187500 37.062500 41.875000 47.687500 52.062500 57.375000 63.562500 68.218750 73.906250 79.656250 85.468750 91.312500 97.312500 103.18750 22.203413
14.6000 -472366.31 -675.87500 -675.31250 -675.12500 -675.25000 -674.68750 -674.81250 -674.62500 -674.40625 -673.84375 -548.46875 -431.90625 -324.87500 -224.75000 -122.78125 -32.562500 46.187500 114.21875 169.15625 212.09375 244.03125 265.06250 272.93750 204.50000 155.87500 117.40625 88.500000 65.500000 47.562500 33.187500 22.250000 13.750000 7.8750000 3.7500000 1.2187500 0.0000000 -0.18750000 0.50000000 1.7812500 3.4375000 5.6562500 8.2187500 10.437500 13.062500 15.625000 18.531250 20.875000 23.625000 26.625000 29.593750 32.875000 36.656250 41.437500 46.750000 52.406250 57.687500 63.375000 69.437500 75.125000 81.125000 87.250000 93.500000 99.687500 106.06250 112.28125 22.249569
14.8000 -473972.88 -624.34375 -621.59375 -620.28125 -620.43750 -617.65625 -617.81250 -616.50000 -615.18750 -612.46875 -485.34375 -368.96875 -259.90625 -159.81250 -56.937500 36.250000 114.37500 184.34375 239.00000 284.03125 317.09375 338.65625 346.12500 255.31250 195.37500 148.28125 112.40625 84.718750 63.000000 45.437500 31.718750 20.750000 12.781250 6.8750000 2.6562500 0.0000000 -1.3750000 -1.7500000 -1.3750000 -0.50000000 0.93750000 4.0937500 4.5625000 6.6875000 8.8125000 12.593750 13.375000 15.781250 18.468750 21.156250 24.156250 28.843750 32.062500 36.937500 43.531250 47.312500 52.750000 59.843750 64.000000 69.875000 75.750000 81.718750 87.875000 94.000000 100.06250 22.333900
15.0000 -474885.69 -864.37500 -863.09375 -862.28125 -862.00000 -860.71875 -860.40625 -859.65625 -858.84375 -857.56250 -731.78125 -617.43750 -510.50000 -411.25000 -310.25000 -219.93750 -142.43750 -75.156250 -20.625000 22.718750 54.406250 73.906250 81.687500 61.843750 47.031250 34.093750 23.625000 15.468750 9.1562500 4.3125000 0.90625000 -1.3125000 -2.2500000 -2.3437500 -1.5312500 0.0000000 2.0625000 4.4687500 7.3750000 10.437500 13.531250 17.343750 20.000000 23.281250 26.437500 30.093750 32.562500 35.656250 39.125000 42.343750 45.875000 50.281250 55.187500 60.750000 67.062500 72.375000 78.312500 84.906250 90.500000 96.750000 102.96875 109.37500 115.75000 122.21875 128.53125 22.181538
15.2000 -474115.84 -793.43750 -790.87500 -790.43750 -792.03125 -789.50000 -791.09375 -790.65625 -790.15625 -787.59375 -663.65625 -550.87500 -444.65625 -347.62500 -247.40625 -157.28125 -83.250000 -16.781250 34.343750 77.625000 107.75000 125.65625 129.90625 97.593750 75.562500 55.937500 39.093750 27.031250 17.843750 10.593750 5.4062500 1.8125000 -0.21875000 -1.0937500 -1.0000000 0.0000000 1.7500000 3.9062500 6.5312500 9.3750000 12.468750 17.687500 18.750000 21.906250 25.156250 30.312500 31.218750 34.375000 37.750000 41.062500 44.625000 50.593750 53.906250 59.593750 67.468750 71.281250 77.218750 85.375000 89.531250 95.781250 102.09375 108.46875 114.90625 121.40625 127.78125 22.181297
15.4000 -473685.50 -838.15625 -835.87500 -835.34375 -836.50000 -834.25000 -835.40625 -834.84375 -834.31250 -832.03125 -705.06250 -587.59375 -477.50000 -376.96875 -272.28125 -177.56250 -97.875000 -26.937500 29.281250 76.687500 112.43750 135.12500 145.21875 112.18750 88.687500 67.843750 49.968750 36.531250 26.031250 17.437500 10.906250 6.0312500 2.7187500 0.84375000 -0.12500000 0.0000000 0.75000000 2.1250000 4.0000000 6.1562500 8.6250000 12.906250 13.843750 16.531250 19.281250 23.656250 24.593750 27.343750 30.406250 33.343750 36.500000 41.656250 44.875000 50.031250 57.031250 60.718750 66.187500 73.531250 77.531250 83.343750 89.218750 95.187500 101.18750 107.21875 113.18750 22.309254
15.6000 -473498.22 -710.87500 -708.46875 -707.84375 -708.90625 -706.53125 -707.56250 -706.93750 -706.28125 -703.87500 -579.43750 -464.90625 -358.93750 -260.62500 -159.25000 -67.781250 7.9062500 75.875000 129.06250 172.84375 204.43750 223.21875 229.90625 165.03125 124.71875 93.093750 68.500000 50.250000 36.062500 24.781250 16.125000 9.6250000 5.2500000 2.2500000 0.59375000 0.0000000 0.37500000 1.5000000 3.1250000 5.0625000 7.4687500 11.531250 12.500000 15.187500 17.906250 22.343750 23.250000 26.000000 29.062500 32.031250 35.218750 40.500000 43.906250 49.125000 56.281250 60.062500 65.687500 73.218750 77.437500 83.437500 89.468750 95.593750 101.81250 108.12500 114.28125 22.161314
15.8000 -474184.47 -785.21875 -784.03125 -783.84375 -784.62500 -783.50000 -784.28125 -784.09375 -783.93750 -782.75000 -654.43750 -536.59375 -427.00000 -324.34375 -220.96875 -126.46875 -46.343750 25.281250 82.250000 128.81250 162.68750 186.40625 196.18750 155.37500 124.62500 97.781250 75.625000 57.750000 43.187500 31.062500 21.437500 13.781250 8.2187500 4.1875000 1.5000000 0.0000000 -0.40625000 -0.093750000 0.93750000 2.2187500 4.0000000 6.9375000 8.1250000 10.500000 12.812500 16.250000 17.625000 20.187500 23.000000 25.781250 28.750000 33.093750 36.812500 41.843750 48.031250 52.375000 57.812500 64.468750 69.187500 75.000000 80.937500 87.031250 93.125000 99.281250 105.37500 22.157024
16.0000 -472170.94 -690.75000 -689.03125 -688.18750 -688.15625 -686.43750 -686.46875 -685.59375 -684.71875 -683.03125 -555.81250 -438.37500 -329.53125 -228.81250 -124.75000 -32.000000 48.312500 119.00000 174.84375 221.56250 255.71875 279.15625 289.09375 207.68750 154.53125 113.93750 84.031250 61.218750 43.750000 30.062500 19.750000 11.875000 6.6250000 2.9687500 0.84375000 0.0000000 0.12500000 0.96875000 2.5000000 4.4687500 6.7812500 10.062500 11.812500 14.500000 17.218750 20.718750 22.750000 25.437500 28.562500 31.593750 34.937500 39.343750 43.687500 49.000000 55.343750 60.187500 65.937500 72.718750 77.812500 83.937500 90.125000 96.437500 102.84375 109.21875 115.50000 22.308897
16.2000 -472296.62 -784.43750 -781.78125 -781.25000 -782.87500 -780.21875 -781.81250 -781.31250 -780.81250 -778.15625 -652.21875 -538.34375 -430.28125 -331.34375 -229.46875 -137.50000 -61.343750 8.5312500 60.750000 106.28125 137.46875 157.81250 163.65625 128.03125 102.65625 79.531250 59.531250 44.468750 32.406250 22.468750 14.875000 8.9687500 4.8437500 2.1250000 0.53125000 0.0000000 0.28125000 1.3437500 2.8437500 4.6875000 6.9062500 11.343750 11.687500 14.218750 16.781250 21.531250 21.843750 24.531250 27.406250 30.218750 33.281250 38.843750 41.593750 46.625000 53.875000 57.062500 62.531250 70.281250 73.781250 79.531250 85.343750 91.312500 97.343750 103.40625 109.34375 22.260731
16.4000 -472880.16 -752.93750 -749.71875 -747.37500 -745.93750 -742.68750 -741.21875 -738.87500 -736.53125 -733.28125 -605.93750 -489.00000 -380.93750 -281.81250 -179.25000 -86.625000 -7.5312500 60.156250 116.18750 161.31250 194.21875 215.71875 223.90625 171.06250 133.53125 102.46875 78.000000 58.562500 43.062500 30.437500 20.656250 12.937500 7.5000000 3.6562500 1.1875000 0.0000000 -0.25000000 0.40625000 1.6250000 3.3125000 5.3750000 8.5312500 10.031250 12.500000 15.125000 18.656250 20.375000 23.031250 26.062500 29.000000 32.218750 36.656250 40.812500 46.093750 52.406250 57.187500 62.812500 69.593750 74.687500 80.812500 86.937500 93.312500 99.593750 106.06250 112.37500 22.287441
16.6000 -474026.53 -869.90625 -868.09375 -866.78125 -865.93750 -864.12500 -863.28125 -861.96875 -860.65625 -858.84375 -732.18750 -615.46875 -507.50000 -408.34375 -305.81250 -215.21875 -136.59375 -68.312500 -12.656250 31.468750 64.218750 85.250000 94.093750 72.500000 56.125000 41.906250 30.500000 21.312500 14.062500 8.3750000 4.1250000 1.2500000 -0.40625000 -1.1250000 -0.93750000 0.0000000 1.4375000 3.4062500 5.7187500 8.1562500 10.937500 14.062500 16.468750 19.312500 22.125000 25.312500 27.500000 30.312500 33.375000 36.187500 39.437500 43.375000 47.875000 52.812500 58.562500 63.375000 68.750000 74.687500 79.843750 85.468750 91.187500 96.937500 102.81250 108.65625 114.43750 22.324087
16.8000 -474161.06 -664.81250 -662.90625 -662.25000 -662.96875 -660.96875 -661.71875 -661.09375 -660.46875 -658.46875 -532.00000 -415.06250 -305.37500 -205.37500 -102.09375 -8.3750000 70.500000 141.00000 196.78125 243.50000 276.56250 299.40625 307.87500 229.37500 176.12500 133.68750 100.93750 75.625000 55.812500 39.875000 27.593750 17.875000 10.750000 5.6875000 2.1875000 0.0000000 -0.96875000 -1.1562500 -0.62500000 0.43750000 1.9375000 5.0625000 5.5625000 7.6250000 9.7500000 13.250000 14.062500 16.312500 18.875000 21.437500 24.187500 28.625000 31.625000 36.187500 42.250000 45.750000 50.750000 57.218750 61.125000 66.375000 71.750000 77.218750 82.875000 88.406250 93.937500 22.325720
17.0000 -473775.44 -783.21875 -781.00000 -780.34375 -781.31250 -779.12500 -780.06250 -779.43750 -778.78125 -776.56250 -651.65625 -537.68750 -431.06250 -333.31250 -231.93750 -141.71875 -64.343750 3.6562500 54.500000 98.875000 129.93750 149.12500 154.75000 119.34375 94.062500 71.937500 53.343750 39.250000 28.062500 18.937500 12.156250 6.9375000 3.4375000 1.2500000 0.062500000 0.0000000 0.65625000 1.9375000 3.6250000 5.7500000 8.0937500 12.187500 13.187500 15.781250 18.500000 22.687500 23.656250 26.375000 29.312500 32.125000 35.312500 40.281250 43.625000 48.656250 55.437500 59.187500 64.656250 71.812500 75.875000 81.625000 87.375000 93.375000 99.312500 105.31250 111.21875 22.323835
17.2000 -473687.22 -666.15625 -663.81250 -662.93750 -663.53125 -661.21875 -661.78125 -660.90625 -660.03125 -657.75000 -533.09375 -417.40625 -311.62500 -212.34375 -111.25000 -20.562500 55.718750 124.03125 177.31250 222.06250 252.06250 272.56250 279.18750 206.25000 157.93750 119.56250 89.875000 67.000000 49.250000 34.812500 23.687500 15.031250 8.7500000 4.5000000 1.5625000 0.0000000 -0.50000000 -0.12500000 0.87500000 2.3125000 4.2500000 7.8125000 8.6875000 11.062500 13.625000 17.500000 18.625000 21.250000 24.093750 27.000000 30.093750 35.000000 38.500000 43.625000 50.375000 54.375000 60.000000 67.187500 71.625000 77.562500 83.625000 89.750000 96.062500 102.31250 108.53125 22.324398
17.4000 -473896.47 -761.15625 -758.84375 -758.34375 -759.59375 -757.28125 -758.56250 -758.06250 -757.56250 -755.28125 -630.28125 -514.96875 -408.34375 -308.87500 -206.53125 -114.56250 -37.843750 31.250000 84.656250 130.65625 163.00000 182.84375 190.31250 146.75000 115.90625 89.250000 66.937500 50.000000 36.500000 25.437500 16.937500 10.312500 5.7500000 2.6250000 0.75000000 0.0000000 0.25000000 1.1875000 2.6250000 4.4687500 6.6875000 10.781250 11.500000 14.156250 16.812500 21.281250 22.062500 24.812500 27.812500 30.750000 34.000000 39.281250 42.500000 47.750000 54.968750 58.656250 64.406250 71.968750 76.187500 82.187500 88.156250 94.437500 100.78125 107.03125 113.31250 22.319042
17.6000 -473280.38 -340.31250 -338.93750 -338.71875 -339.53125 -338.25000 -339.06250 -338.84375 -338.56250 -337.21875 -210.62500 -94.406250 13.812500 113.40625 215.09375 306.75000 385.46875 452.93750 507.96875 554.12500 585.43750 606.09375 614.03125 305.12500 191.09375 127.59375 88.406250 61.593750 42.531250 28.312500 18.062500 10.562500 5.5000000 2.3125000 0.53125000 0.0000000 0.37500000 1.5000000 3.1875000 5.2500000 7.5937500 11.218750 12.687500 15.468750 18.093750 21.875000 23.468750 26.187500 29.187500 32.156250 35.437500 39.937500 43.875000 49.062500 55.375000 59.687500 65.250000 71.968750 76.562500 82.343750 88.281250 94.250000 100.25000 106.31250 112.31250 22.307995
17.8000 -473362.66 -728.90625 -726.00000 -724.56250 -724.65625 -721.75000 -721.84375 -720.40625 -719.00000 -716.09375 -589.59375 -473.15625 -364.43750 -265.75000 -162.12500 -69.312500 8.4687500 77.125000 131.84375 177.81250 209.68750 229.84375 237.68750 179.06250 138.93750 106.00000 79.812500 59.625000 43.687500 30.781250 20.843750 13.062500 7.5625000 3.6875000 1.2187500 0.0000000 -0.18750000 0.37500000 1.6250000 3.2500000 5.2500000 8.9687500 9.8125000 12.312500 14.875000 18.968750 20.000000 22.687500 25.687500 28.500000 31.687500 36.625000 40.187500 45.375000 52.218750 56.250000 61.875000 69.156250 73.531250 79.500000 85.625000 91.843750 98.062500 104.40625 110.62500 22.265757
18.0000 -473031.47 -816.50000 -814.06250 -813.40625 -814.50000 -812.06250 -813.15625 -812.50000 -811.84375 -809.37500 -682.50000 -565.40625 -454.78125 -355.40625 -252.59375 -158.53125 -79.375000 -9.7187500 45.812500 93.343750 127.06250 148.71875 157.31250 121.56250 96.156250 73.687500 54.562500 40.125000 28.687500 19.375000 12.375000 6.9687500 3.3437500 1.1250000 0.062500000 0.0000000 0.75000000 2.1250000 4.0625000 6.2812500 8.8437500 13.250000 14.312500 17.250000 20.062500 24.750000 25.750000 28.656250 31.937500 35.000000 38.437500 43.812500 47.406250 52.937500 60.312500 64.406250 70.312500 78.000000 82.500000 88.750000 95.031250 101.43750 107.90625 114.43750 120.90625 22.248371
18.2000 -472755.00 -751.03125 -749.65625 -749.15625 -749.62500 -748.21875 -748.62500 -748.12500 -747.62500 -746.21875 -619.40625 -503.43750 -393.43750 -294.46875 -190.84375 -98.343750 -19.250000 49.843750 106.90625 152.46875 186.50000 208.40625 217.93750 167.50000 131.03125 100.62500 76.437500 57.250000 42.031250 29.625000 19.937500 12.437500 7.0937500 3.4062500 1.0625000 0.0000000 -0.062500000 0.65625000 2.0625000 3.7812500 6.0000000 9.2812500 10.812500 13.531250 16.187500 19.781250 21.562500 24.312500 27.375000 30.406250 33.750000 38.281250 42.625000 48.000000 54.468750 59.250000 65.093750 72.031250 77.281250 83.500000 89.875000 96.250000 102.78125 109.40625 115.87500 22.236883
18.4000 -473476.19 -820.25000 -818.56250 -818.03125 -818.62500 -816.90625 -817.53125 -816.96875 -816.43750 -814.75000 -687.68750 -569.65625 -460.93750 -360.40625 -255.96875 -163.21875 -83.875000 -13.593750 42.437500 89.437500 123.62500 146.37500 155.15625 118.75000 92.750000 70.468750 52.375000 38.375000 27.375000 18.562500 11.812500 6.7187500 3.3125000 1.1250000 0.062500000 0.0000000 0.62500000 1.8750000 3.5625000 5.5000000 7.8437500 11.406250 12.750000 15.312500 17.875000 21.531250 22.875000 25.468750 28.375000 31.156250 34.218750 38.718750 42.218750 47.125000 53.281250 57.218750 62.562500 69.093750 73.375000 78.937500 84.562500 90.187500 96.000000 101.81250 107.56250 22.292061
18.6000 -473909.25 -792.37500 -790.09375 -789.62500 -790.96875 -788.68750 -790.03125 -789.59375 -789.06250 -786.78125 -661.21875 -546.78125 -440.40625 -342.15625 -240.28125 -149.03125 -72.125000 -3.5312500 50.031250 95.875000 128.21875 148.15625 155.56250 121.09375 96.312500 74.062500 55.031250 40.562500 29.125000 19.781250 12.625000 7.3125000 3.6250000 1.2500000 0.12500000 0.0000000 0.62500000 2.0625000 3.8750000 6.0625000 8.5625000 13.062500 13.937500 16.781250 19.531250 24.187500 25.187500 28.031250 31.125000 34.156250 37.531250 42.937500 46.375000 51.812500 59.125000 62.968750 68.843750 76.468750 80.750000 86.843750 93.093750 99.375000 105.71875 112.18750 118.50000 22.224073
18.8000 -472822.75 -755.03125 -752.71875 -751.71875 -752.00000 -749.68750 -750.00000 -749.00000 -748.00000 -745.65625 -623.93750 -512.68750 -408.15625 -313.50000 -215.31250 -127.21875 -53.218750 11.812500 62.531250 104.12500 133.53125 151.40625 156.06250 118.25000 91.687500 68.937500 50.437500 36.343750 25.406250 16.625000 10.125000 5.2500000 2.1250000 0.43750000 -0.21875000 0.0000000 1.1250000 2.7500000 4.9375000 7.3437500 10.062500 14.125000 15.750000 18.625000 21.562500 25.750000 27.375000 30.250000 33.437500 36.562500 39.937500 45.000000 48.937500 54.406250 61.250000 65.687500 71.562500 78.812500 83.500000 89.562500 95.750000 102.06250 108.37500 114.81250 121.00000 22.233545
19.0000 -472570.66 -832.62500 -831.12500 -830.71875 -831.50000 -830.00000 -830.78125 -830.40625 -830.00000 -828.50000 -703.09375 -588.12500 -480.59375 -382.25000 -280.59375 -189.15625 -111.93750 -43.750000 11.375000 55.937500 88.593750 109.50000 117.50000 90.500000 70.781250 53.406250 38.812500 27.687500 18.937500 12.000000 6.8125000 3.0625000 0.84375000 -0.37500000 -0.65625000 0.0000000 1.1875000 2.8750000 5.0625000 7.4375000 10.093750 13.843750 15.406250 18.250000 20.937500 24.812500 26.281250 29.062500 32.062500 34.875000 38.062500 42.625000 46.312500 51.312500 57.593750 61.718750 67.062500 73.531250 77.937500 83.500000 89.187500 94.875000 100.68750 106.43750 112.21875 22.375370
19.2000 -472664.59 -765.59375 -764.43750 -764.15625 -764.68750 -763.56250 -764.09375 -763.81250 -763.50000 -762.37500 -634.09375 -515.68750 -405.90625 -304.31250 -199.46875 -104.62500 -24.718750 45.593750 102.53125 149.81250 183.56250 207.37500 216.90625 169.21875 133.96875 104.12500 80.343750 60.968750 45.406250 32.625000 22.500000 14.406250 8.5625000 4.4062500 1.5937500 0.0000000 -0.53125000 -0.28125000 0.53125000 1.9062500 3.6250000 6.3750000 7.7812500 10.062500 12.406250 15.562500 17.187500 19.687500 22.468750 25.156250 28.250000 32.312500 36.343750 41.281250 47.125000 51.718750 57.156250 63.500000 68.375000 74.218750 80.125000 86.156250 92.187500 98.343750 104.40625 22.385717
19.4000 -472174.06 -840.28125 -838.50000 -837.75000 -837.96875 -836.25000 -836.46875 -835.71875 -834.93750 -833.18750 -705.75000 -588.18750 -478.50000 -377.50000 -273.40625 -180.62500 -100.71875 -30.593750 25.468750 73.156250 106.50000 130.28125 140.43750 108.68750 85.250000 65.000000 48.375000 35.375000 25.031250 16.750000 10.437500 5.6562500 2.5937500 0.81250000 -0.093750000 0.0000000 0.81250000 2.1875000 4.0312500 6.1875000 8.6250000 12.062500 13.687500 16.312500 18.937500 22.562500 24.125000 26.812500 29.750000 32.625000 35.687500 39.937500 43.812500 48.750000 54.750000 59.125000 64.375000 70.750000 75.343750 80.937500 86.593750 92.250000 98.125000 103.93750 109.68750 22.386021
19.6000 -471462.81 -844.53125 -842.65625 -841.93750 -842.43750 -840.53125 -841.06250 -840.34375 -839.65625 -837.75000 -713.50000 -599.59375 -494.34375 -397.18750 -297.09375 -207.43750 -131.46875 -64.656250 -12.812500 30.843750 62.156250 82.125000 88.656250 66.625000 50.812500 36.718750 24.843750 16.156250 9.4375000 4.3750000 0.84375000 -1.4687500 -2.4062500 -2.4687500 -1.5937500 0.0000000 2.0000000 4.5937500 7.4687500 10.343750 13.531250 17.812500 19.875000 23.031250 26.156250 30.343750 32.093750 35.093750 38.468750 41.625000 45.031250 49.906250 54.000000 59.343750 65.937500 70.468750 76.093750 83.000000 87.593750 93.531250 99.531250 105.53125 111.62500 117.65625 123.65625 22.435701
19.8000 -473553.06 -813.93750 -810.87500 -809.81250 -810.81250 -807.68750 -808.68750 -807.65625 -806.59375 -803.53125 -677.25000 -561.37500 -452.75000 -352.53125 -249.40625 -155.56250 -77.531250 -6.7500000 46.750000 93.375000 127.25000 147.75000 155.56250 116.12500 89.562500 66.812500 47.750000 34.000000 23.375000 15.062500 8.8750000 4.3750000 1.5625000 0.031250000 -0.50000000 0.0000000 1.0625000 2.7500000 4.9375000 7.2500000 10.000000 14.750000 15.531250 18.375000 21.187500 26.000000 26.750000 29.531250 32.625000 35.562500 38.875000 44.406250 47.500000 52.656250 60.000000 63.406250 68.937500 76.687500 80.343750 86.156250 92.031250 97.937500 103.93750 110.00000 115.93750 22.305929
20.0000 -473209.44 -848.78125 -847.15625 -846.59375 -847.06250 -845.46875 -845.96875 -845.43750 -844.84375 -843.21875 -717.59375 -600.46875 -492.12500 -392.43750 -289.50000 -197.03125 -118.93750 -50.187500 4.8125000 50.062500 83.312500 104.50000 113.00000 89.250000 71.406250 55.156250 41.218750 30.312500 21.500000 14.375000 8.8750000 4.7500000 2.0000000 0.43750000 -0.25000000 0.0000000 0.87500000 2.3750000 4.2500000 6.4375000 8.8125000 12.375000 13.906250 16.562500 19.250000 22.937500 24.500000 27.187500 30.125000 33.062500 36.062500 40.531250 44.375000 49.437500 55.593750 59.906250 65.281250 71.843750 76.312500 82.125000 87.875000 93.750000 99.687500 105.65625 111.50000 22.299587
20.2000 -472529.19 -801.93750 -799.78125 -799.56250 -801.25000 -799.06250 -800.71875 -800.50000 -800.28125 -798.12500 -675.12500 -563.15625 -457.50000 -361.75000 -262.28125 -172.06250 -97.156250 -29.843750 21.218750 65.562500 97.375000 116.65625 122.93750 95.250000 75.625000 57.500000 41.625000 29.937500 20.687500 13.312500 7.7812500 3.7500000 1.1875000 -0.12500000 -0.53125000 0.0000000 1.1875000 2.8750000 5.1875000 7.5625000 10.250000 14.875000 15.812500 18.625000 21.500000 26.250000 27.062500 29.937500 33.062500 36.093750 39.437500 44.875000 48.125000 53.406250 60.625000 64.312500 69.937500 77.531250 81.468750 87.375000 93.281250 99.343750 105.43750 111.56250 117.65625 22.408543
20.4000 -472502.25 -773.21875 -771.12500 -770.37500 -771.15625 -769.03125 -769.75000 -769.06250 -768.40625 -766.21875 -639.78125 -523.93750 -415.31250 -315.84375 -213.87500 -121.06250 -43.718750 25.437500 79.625000 124.25000 156.56250 175.62500 182.62500 137.25000 105.90625 79.781250 58.718750 42.843750 30.437500 20.562500 13.156250 7.5000000 3.7500000 1.4687500 0.18750000 0.0000000 0.50000000 1.6875000 3.4375000 5.3125000 7.6875000 11.531250 12.562500 15.125000 17.687500 21.718750 22.718750 25.406250 28.250000 31.031250 34.125000 38.906250 42.125000 47.031250 53.531250 57.156250 62.500000 69.312500 73.250000 78.875000 84.437500 90.062500 95.812500 101.62500 107.31250 22.338249
20.6000 -473846.00 -749.06250 -746.71875 -745.50000 -745.43750 -743.09375 -743.00000 -741.78125 -740.56250 -738.18750 -611.84375 -495.93750 -387.56250 -288.40625 -185.65625 -93.531250 -16.593750 52.687500 106.59375 152.43750 184.18750 204.90625 212.75000 158.93750 122.37500 92.812500 69.625000 51.625000 37.437500 26.062500 17.281250 10.468750 5.8125000 2.5625000 0.75000000 0.0000000 0.12500000 0.96875000 2.4687500 4.3437500 6.5625000 10.000000 11.406250 13.968750 16.625000 20.437500 21.968750 24.656250 27.687500 30.562500 33.781250 38.437500 42.375000 47.562500 54.125000 58.562500 64.187500 71.187500 75.937500 82.000000 88.062500 94.312500 100.56250 106.87500 113.09375 22.262672
20.8000 -473013.31 -682.31250 -680.90625 -680.56250 -681.37500 -680.00000 -680.75000 -680.43750 -680.12500 -678.75000 -555.43750 -440.87500 -334.71875 -236.31250 -135.15625 -44.406250 32.500000 100.31250 154.34375 198.65625 230.53125 250.93750 259.50000 194.06250 148.84375 112.53125 84.500000 62.687500 45.687500 32.000000 21.531250 13.375000 7.6562500 3.7500000 1.1875000 0.0000000 -0.15625000 0.46875000 1.7500000 3.5000000 5.5625000 9.0312500 10.437500 12.937500 15.625000 19.343750 20.875000 23.625000 26.625000 29.562500 32.875000 37.500000 41.531250 46.781250 53.343750 57.843750 63.625000 70.562500 75.500000 81.562500 87.843750 94.125000 100.43750 106.87500 113.25000 22.343338
21.0000 -473534.09 -829.62500 -827.18750 -826.21875 -826.90625 -824.43750 -825.06250 -824.18750 -823.25000 -820.78125 -695.59375 -580.25000 -473.46875 -375.56250 -273.59375 -181.96875 -104.81250 -35.312500 18.343750 64.406250 97.093750 118.59375 126.93750 96.718750 75.437500 56.687500 40.906250 29.156250 20.000000 12.687500 7.3125000 3.4062500 0.96875000 -0.34375000 -0.65625000 0.0000000 1.1875000 2.9687500 5.0937500 7.5000000 10.156250 14.406250 15.656250 18.437500 21.218750 25.562500 26.687500 29.468750 32.531250 35.437500 38.687500 43.750000 47.125000 52.250000 59.062500 62.812500 68.250000 75.343750 79.406250 85.250000 91.000000 96.843750 102.71875 108.65625 114.50000 22.301529
21.2000 -474234.78 -744.68750 -742.59375 -741.78125 -742.40625 -740.28125 -740.84375 -740.12500 -739.34375 -737.15625 -612.21875 -497.81250 -389.65625 -291.75000 -190.93750 -99.375000 -23.625000 44.000000 98.000000 142.78125 174.25000 193.28125 200.84375 153.40625 119.84375 91.593750 68.750000 51.156250 37.156250 25.906250 17.218750 10.531250 5.9062500 2.7187500 0.78125000 0.0000000 0.15625000 0.90625000 2.2812500 3.9375000 6.0000000 9.5937500 10.562500 12.968750 15.531250 19.343750 20.406250 22.968750 25.781250 28.531250 31.531250 36.156250 39.531250 44.343750 50.718750 54.531250 59.843750 66.531250 70.593750 76.187500 81.843750 87.531250 93.343750 99.156250 104.90625 22.293003
21.4000 -472060.62 -744.59375 -741.90625 -741.46875 -743.25000 -740.59375 -742.31250 -741.90625 -741.46875 -738.78125 -612.81250 -499.06250 -390.84375 -292.59375 -190.90625 -98.125000 -21.125000 48.406250 102.50000 148.46875 181.65625 202.90625 210.18750 154.87500 118.37500 88.375000 64.125000 46.500000 33.000000 22.250000 14.281250 8.2500000 4.1875000 1.6562500 0.28125000 0.0000000 0.56250000 1.7187500 3.3750000 5.4375000 7.8125000 12.437500 12.687500 15.281250 17.937500 22.718750 23.125000 25.718750 28.656250 31.437500 34.562500 40.125000 42.750000 47.687500 55.031250 58.062500 63.406250 71.031250 74.312500 79.906250 85.625000 91.437500 97.187500 103.06250 108.78125 22.299374
21.6000 -471552.59 -714.18750 -712.40625 -711.75000 -712.25000 -710.46875 -711.03125 -710.37500 -709.71875 -707.90625 -582.46875 -467.37500 -359.18750 -260.81250 -158.46875 -66.812500 10.406250 78.312500 132.46875 177.81250 210.65625 230.93750 238.87500 173.21875 131.09375 98.281250 73.156250 53.937500 39.062500 27.187500 18.093750 11.093750 6.3125000 2.9062500 0.90625000 0.0000000 0.031250000 0.78125000 2.0937500 3.6875000 5.7187500 9.0000000 10.218750 12.593750 15.000000 18.625000 19.906250 22.406250 25.218750 27.968750 30.875000 35.281250 38.750000 43.531250 49.687500 53.656250 58.812500 65.312500 69.656250 75.156250 80.718750 86.406250 92.218750 97.968750 103.68750 22.296814
21.8000 -473725.28 -70.468750 -68.000000 -66.812500 -66.781250 -64.343750 -64.343750 -63.125000 -61.875000 -59.437500 67.312500 184.96875 293.78125 393.12500 496.03125 589.53125 667.59375 736.84375 791.43750 836.65625 869.12500 890.59375 897.81250 553.87500 381.84375 271.62500 199.00000 146.40625 107.59375 77.375000 54.437500 36.312500 23.062500 12.937500 5.3437500 0.0000000 -3.6250000 -5.8750000 -7.1250000 -7.3750000 -7.1250000 -5.1250000 -5.2500000 -3.8750000 -2.2812500 0.65625000 1.1875000 3.1250000 5.3125000 7.5625000 10.031250 14.062500 16.875000 21.187500 27.000000 30.437500 35.312500 41.593750 45.562500 50.843750 56.250000 61.750000 67.406250 73.000000 78.656250 22.358145
22.0000 -472649.66 -796.09375 -793.65625 -792.71875 -793.40625 -790.93750 -791.62500 -790.71875 -789.84375 -787.37500 -661.96875 -546.71875 -438.75000 -339.87500 -237.46875 -145.12500 -67.218750 1.7812500 56.062500 102.00000 134.75000 156.03125 164.81250 128.09375 101.46875 78.125000 58.531250 43.406250 31.437500 21.593750 14.187500 8.4687500 4.3750000 1.7812500 0.37500000 0.0000000 0.40625000 1.4687500 3.0625000 4.9687500 7.2812500 11.250000 12.281250 14.843750 17.500000 21.625000 22.656250 25.406250 28.406250 31.250000 34.406250 39.406250 42.843750 47.968750 54.812500 58.562500 64.156250 71.312500 75.500000 81.281250 87.218750 93.250000 99.375000 105.46875 111.50000 22.264378
22.2000 -472538.09 -793.09375 -792.21875 -792.15625 -792.78125 -791.93750 -792.59375 -792.50000 -792.37500 -791.56250 -665.81250 -550.21875 -442.28125 -342.96875 -241.53125 -149.43750 -70.843750 -2.1875000 53.750000 98.937500 132.62500 154.78125 164.37500 123.50000 94.875000 71.500000 53.250000 38.875000 27.625000 18.625000 11.781250 6.6250000 3.1875000 1.0625000 0.062500000 0.0000000 0.68750000 2.0000000 3.8125000 5.8125000 8.2812500 11.437500 13.281250 15.937500 18.593750 21.937500 23.843750 26.562500 29.437500 32.312500 35.500000 39.625000 43.781250 48.843750 54.687500 59.312500 64.718750 70.875000 75.875000 81.687500 87.437500 93.250000 99.187500 105.18750 111.06250 22.271042
22.4000 -472440.25 -766.43750 -763.75000 -763.21875 -764.81250 -762.15625 -763.71875 -763.18750 -762.62500 -759.93750 -632.46875 -516.43750 -407.06250 -306.37500 -202.53125 -108.71875 -30.656250 39.687500 94.281250 142.46875 175.43750 197.50000 205.56250 160.46875 127.87500 99.031250 74.687500 56.000000 41.156250 28.937500 19.468750 12.125000 6.8750000 3.3125000 1.0625000 0.0000000 -0.18750000 0.56250000 1.8125000 3.4375000 5.4687500 9.7500000 10.031250 12.437500 15.000000 19.562500 19.937500 22.562500 25.375000 28.187500 31.250000 36.718750 39.375000 44.437500 51.562500 54.812500 60.187500 67.781250 71.281250 77.000000 82.812500 88.687500 94.562500 100.65625 106.50000 22.375389
22.6000 -473559.06 -610.09375 -609.12500 -608.71875 -608.87500 -607.90625 -608.03125 -607.62500 -607.25000 -606.28125 -479.21875 -360.90625 -250.81250 -150.50000 -46.812500 45.562500 125.40625 194.21875 251.65625 297.18750 329.87500 353.09375 362.12500 248.68750 180.46875 131.71875 97.437500 71.312500 51.625000 36.062500 24.406250 15.281250 8.9375000 4.5312500 1.5625000 0.0000000 -0.56250000 -0.25000000 0.75000000 2.1250000 4.0000000 6.6562500 8.3125000 10.625000 13.031250 15.968750 17.875000 20.343750 23.187500 25.875000 28.937500 32.718750 36.937500 41.812500 47.406250 52.125000 57.468750 63.468750 68.500000 74.250000 80.062500 85.875000 91.750000 97.750000 103.62500 22.364594
22.8000 -472802.66 -770.00000 -768.50000 -767.90625 -768.12500 -766.65625 -766.90625 -766.28125 -765.65625 -764.21875 -637.18750 -520.40625 -410.87500 -311.62500 -207.93750 -115.03125 -35.062500 33.718750 89.531250 135.81250 169.46875 191.81250 201.31250 148.15625 112.46875 84.218750 62.625000 45.812500 32.781250 22.375000 14.468750 8.4687500 4.4375000 1.8125000 0.37500000 0.0000000 0.43750000 1.5000000 3.1250000 5.0937500 7.3125000 10.593750 12.250000 14.750000 17.437500 20.843750 22.531250 25.218750 28.125000 30.937500 34.000000 38.218750 42.250000 47.187500 53.031250 57.500000 62.875000 69.156250 73.875000 79.593750 85.375000 91.187500 97.031250 102.93750 108.81250 22.233234
23.0000 -473252.62 -693.25000 -690.53125 -689.43750 -690.03125 -687.34375 -687.90625 -686.87500 -685.78125 -683.09375 -557.96875 -443.25000 -336.56250 -237.62500 -136.03125 -44.812500 30.812500 99.187500 152.50000 198.15625 229.21875 249.93750 256.40625 175.96875 128.81250 93.937500 67.968750 49.031250 34.718750 23.531250 15.218750 8.9062500 4.6875000 1.9375000 0.50000000 0.0000000 0.40625000 1.4375000 3.0000000 4.8750000 7.0937500 10.937500 11.781250 14.281250 16.781250 20.875000 21.687500 24.281250 27.062500 29.781250 32.781250 37.625000 40.687500 45.500000 52.062500 55.531250 60.718750 67.562500 71.281250 76.750000 82.343750 87.875000 93.531250 99.281250 104.84375 22.224636
23.2000 -473086.97 -767.78125 -765.84375 -765.46875 -766.62500 -764.68750 -765.84375 -765.46875 -765.06250 -763.15625 -637.37500 -521.84375 -413.90625 -315.12500 -211.93750 -120.18750 -42.343750 26.718750 81.875000 127.00000 159.75000 180.62500 188.56250 148.15625 118.59375 92.468750 70.625000 53.375000 39.500000 28.031250 19.093750 11.968750 6.9375000 3.3750000 1.0625000 0.0000000 -0.12500000 0.50000000 1.6875000 3.3125000 5.1875000 8.9062500 9.7187500 12.062500 14.562500 18.593750 19.562500 22.187500 25.000000 27.812500 30.875000 35.781250 39.125000 44.187500 50.906250 54.687500 60.250000 67.468750 71.625000 77.500000 83.468750 89.437500 95.625000 101.75000 107.87500 22.252268
23.4000 -473108.28 -713.56250 -711.43750 -711.03125 -712.34375 -710.21875 -711.50000 -711.12500 -710.68750 -708.56250 -586.37500 -474.18750 -368.93750 -273.40625 -174.06250 -84.500000 -9.0937500 56.593750 108.15625 150.96875 180.75000 200.28125 205.71875 163.37500 132.09375 104.03125 80.187500 61.375000 46.062500 33.281250 23.187500 14.937500 9.1250000 4.7187500 1.7500000 0.0000000 -0.59375000 -0.43750000 0.43750000 1.6875000 3.4375000 7.0937500 7.5000000 9.8125000 12.125000 16.281250 16.937500 19.437500 22.312500 25.062500 28.062500 33.093750 36.250000 41.218750 48.218750 51.812500 57.343750 64.718750 68.750000 74.656250 80.656250 86.781250 92.968750 99.187500 105.37500 22.246912
23.6000 -474404.56 -709.31250 -707.40625 -706.93750 -707.93750 -706.03125 -707.06250 -706.62500 -706.18750 -704.28125 -576.15625 -460.71875 -352.03125 -252.34375 -149.12500 -56.656250 21.781250 91.312500 146.68750 192.25000 225.31250 246.46875 254.46875 191.78125 148.37500 112.78125 84.812500 63.187500 46.281250 32.531250 21.968750 13.843750 8.0312500 3.9375000 1.3437500 0.0000000 -0.21875000 0.21875000 1.3437500 2.8437500 4.7812500 8.3750000 9.2500000 11.593750 14.062500 18.031250 19.031250 21.562500 24.406250 27.156250 30.218750 34.968750 38.281250 43.281250 49.843750 53.593750 59.062500 65.968750 70.093750 75.843750 81.562500 87.468750 93.343750 99.343750 105.28125 22.240133
23.8000 -474273.03 -700.43750 -697.81250 -697.18750 -698.65625 -696.03125 -697.46875 -696.84375 -696.31250 -693.65625 -566.25000 -450.18750 -340.34375 -239.87500 -136.03125 -42.468750 36.062500 105.96875 160.12500 206.53125 239.90625 260.71875 268.21875 209.31250 166.78125 129.93750 99.593750 75.843750 56.812500 41.125000 28.718750 18.750000 11.500000 6.1250000 2.3750000 0.0000000 -1.1562500 -1.3125000 -0.81250000 0.28125000 1.7500000 5.6250000 5.6250000 7.8125000 10.062500 14.468750 14.687500 17.187500 19.937500 22.562500 25.593750 30.906250 33.625000 38.562500 45.656250 48.875000 54.437500 62.062500 65.750000 71.593750 77.562500 83.531250 89.625000 95.750000 101.87500 22.300684
24.0000 -473564.03 -650.87500 -648.21875 -647.18750 -647.84375 -645.18750 -645.81250 -644.81250 -643.81250 -641.12500 -512.37500 -395.50000 -285.46875 -184.53125 -80.593750 14.312500 93.531250 164.18750 220.09375 266.34375 300.21875 321.75000 330.46875 242.75000 185.34375 140.21875 105.50000 79.031250 58.375000 41.687500 28.750000 18.562500 11.250000 5.9375000 2.2187500 0.0000000 -1.0000000 -1.1250000 -0.40625000 0.81250000 2.4375000 5.9375000 6.3750000 8.6562500 10.937500 15.031250 15.750000 18.218750 21.000000 23.781250 26.781250 31.781250 34.906250 39.937500 46.718750 50.468750 55.937500 63.281250 67.375000 73.281250 79.187500 85.218750 91.343750 97.562500 103.68750 22.238195
24.2000 -474342.47 -801.21875 -798.50000 -796.81250 -796.09375 -793.40625 -792.65625 -790.96875 -789.28125 -786.59375 -663.40625 -549.18750 -444.43750 -347.96875 -247.46875 -159.18750 -83.062500 -17.000000 35.031250 77.906250 107.56250 126.28125 132.03125 102.46875 80.375000 61.156250 45.281250 32.781250 22.843750 14.968750 9.0312500 4.5937500 1.7500000 0.21875000 -0.34375000 0.0000000 1.0937500 2.8437500 4.9687500 7.3750000 10.093750 13.812500 15.718750 18.593750 21.468750 25.187500 27.062500 29.968750 33.125000 36.156250 39.562500 44.093750 48.343750 53.687500 60.093750 64.781250 70.531250 77.250000 82.250000 88.250000 94.375000 100.53125 106.71875 112.96875 119.15625 22.217115
24.4000 -473730.66 -875.46875 -873.93750 -873.53125 -874.31250 -872.78125 -873.53125 -873.12500 -872.75000 -871.25000 -746.21875 -630.12500 -522.75000 -423.84375 -320.43750 -228.78125 -150.56250 -81.406250 -26.093750 19.812500 52.750000 74.937500 83.656250 64.625000 50.687500 37.937500 26.906250 18.531250 12.062500 6.8125000 3.0937500 0.53125000 -0.90625000 -1.3750000 -1.0312500 0.0000000 1.5312500 3.5625000 5.9687500 8.5312500 11.375000 15.250000 17.093750 19.906250 22.843750 26.687500 28.343750 31.156250 34.187500 37.156250 40.343750 44.937500 48.843750 53.906250 60.187500 64.437500 69.875000 76.562500 81.062500 86.750000 92.468750 98.343750 104.25000 110.15625 116.00000 22.301689
24.6000 -472429.91 -728.84375 -726.21875 -725.09375 -725.40625 -722.81250 -723.12500 -722.00000 -720.84375 -718.25000 -595.15625 -480.68750 -374.15625 -276.93750 -175.59375 -84.906250 -9.5937500 57.875000 110.62500 154.18750 185.53125 204.31250 210.50000 167.25000 134.87500 106.25000 82.187500 63.062500 47.437500 34.312500 23.937500 15.562500 9.4687500 4.9062500 1.8125000 0.0000000 -0.81250000 -0.75000000 -0.031250000 1.1875000 2.8125000 6.0937500 6.6875000 8.9062500 11.187500 15.000000 15.812500 18.312500 21.000000 23.750000 26.687500 31.468750 34.687500 39.562500 46.031250 49.875000 55.250000 62.250000 66.500000 72.187500 78.125000 84.125000 90.187500 96.250000 102.31250 22.217381
24.8000 -473270.22 -624.21875 -621.81250 -621.25000 -622.53125 -620.09375 -621.37500 -620.81250 -620.25000 -617.81250 -490.31250 -373.59375 -264.78125 -165.25000 -61.062500 32.625000 111.34375 180.75000 234.78125 280.37500 313.06250 334.09375 341.75000 255.03125 196.28125 149.15625 112.50000 84.468750 62.531250 44.812500 31.062500 20.250000 12.312500 6.5625000 2.5000000 0.0000000 -1.2500000 -1.5000000 -0.96875000 0.062500000 1.6562500 5.2812500 5.5937500 7.8750000 10.156250 14.343750 14.906250 17.437500 20.187500 23.000000 26.062500 31.343750 34.406250 39.375000 46.562500 50.187500 55.812500 63.343750 67.437500 73.437500 79.500000 85.687500 92.031250 98.375000 104.65625 22.330179
25.0000 -473687.94 -715.90625 -714.65625 -713.65625 -712.96875 -711.68750 -711.00000 -710.00000 -709.03125 -707.75000 -582.53125 -467.00000 -358.62500 -259.28125 -157.71875 -66.437500 11.843750 79.406250 134.62500 179.03125 211.40625 231.59375 240.40625 191.15625 153.09375 120.56250 94.781250 73.031250 55.406250 40.531250 28.687500 19.093750 11.843750 6.3437500 2.5312500 0.0000000 -1.3437500 -1.8437500 -1.5312500 -0.71875000 0.53125000 2.4375000 3.9062500 5.8750000 7.9062500 10.312500 12.156250 14.406250 16.906250 19.437500 22.281250 25.593750 29.781250 34.437500 39.593750 44.343750 49.468750 55.062500 60.250000 65.781250 71.437500 77.187500 83.093750 88.906250 94.781250 22.292812
25.2000 -474674.25 -843.43750 -841.09375 -840.25000 -841.00000 -838.68750 -839.37500 -838.59375 -837.78125 -835.43750 -708.78125 -593.03125 -483.06250 -383.71875 -280.56250 -187.12500 -109.46875 -38.656250 16.187500 63.812500 97.500000 117.96875 127.21875 98.937500 78.531250 60.000000 44.031250 31.937500 22.343750 14.562500 8.7500000 4.5000000 1.6875000 0.093750000 -0.37500000 0.0000000 1.0937500 2.7500000 4.8750000 7.2500000 9.9687500 14.250000 15.531250 18.437500 21.281250 25.687500 27.031250 29.843750 33.031250 36.062500 39.406250 44.562500 48.187500 53.593750 60.562500 64.718750 70.468750 77.812500 82.250000 88.156250 94.281250 100.56250 106.78125 113.03125 119.21875 22.221556
25.4000 -472845.97 -785.03125 -784.56250 -784.40625 -784.62500 -784.12500 -784.34375 -784.21875 -784.06250 -783.56250 -658.03125 -541.81250 -434.65625 -335.25000 -233.03125 -142.03125 -63.718750 4.4375000 58.906250 102.87500 135.21875 155.40625 164.00000 124.43750 95.531250 71.875000 53.656250 39.031250 27.562500 18.375000 11.562500 6.3750000 2.9375000 0.87500000 0.0000000 0.0000000 0.75000000 2.2500000 4.1250000 6.2812500 8.8125000 11.656250 14.000000 16.750000 19.437500 22.531250 24.875000 27.625000 30.625000 33.500000 36.750000 40.625000 45.250000 50.437500 56.093750 61.093750 66.687500 72.687500 78.062500 83.812500 89.687500 95.687500 101.81250 107.90625 113.87500 22.249243
25.6000 -472187.12 -769.87500 -768.84375 -768.65625 -769.31250 -768.25000 -768.90625 -768.71875 -768.53125 -767.50000 -643.46875 -528.21875 -421.87500 -323.46875 -222.93750 -134.00000 -57.843750 10.218750 63.062500 106.84375 138.75000 156.87500 164.65625 126.68750 98.812500 75.187500 56.156250 41.093750 29.281250 19.718750 12.468750 6.9687500 3.4062500 1.0937500 0.093750000 0.0000000 0.78125000 2.1562500 4.0625000 6.2812500 8.7812500 12.250000 14.187500 17.031250 19.843750 23.437500 25.406250 28.187500 31.343750 34.343750 37.656250 42.125000 46.406250 51.718750 58.062500 62.781250 68.500000 75.125000 80.250000 86.250000 92.375000 98.500000 104.71875 111.00000 117.21875 22.259739
25.8000 -472771.19 -690.68750 -689.18750 -689.09375 -690.37500 -688.87500 -690.18750 -690.06250 -690.00000 -688.50000 -562.68750 -446.87500 -340.06250 -240.18750 -138.68750 -47.187500 29.750000 96.906250 149.46875 193.53125 223.87500 242.96875 248.65625 196.12500 157.18750 123.43750 95.656250 73.375000 55.281250 40.218750 28.281250 18.531250 11.468750 6.1562500 2.4687500 0.0000000 -1.1250000 -1.2187500 -0.78125000 0.37500000 1.9687500 5.1875000 5.7812500 8.0937500 10.343750 14.125000 15.125000 17.656250 20.562500 23.343750 26.406250 31.250000 34.781250 39.875000 46.687500 50.812500 56.500000 63.750000 68.218750 74.343750 80.562500 86.906250 93.343750 99.750000 106.18750 22.300591
26.0000 -472840.66 -301.90625 -299.65625 -299.00000 -300.00000 -297.68750 -298.65625 -298.03125 -297.37500 -295.09375 -169.46875 -53.875000 54.687500 153.90625 257.18750 348.93750 425.53125 494.06250 546.46875 591.90625 623.40625 643.12500 649.06250 424.03125 302.09375 219.31250 162.28125 120.15625 88.718750 63.843750 44.812500 29.781250 18.656250 10.343750 4.2500000 0.0000000 -2.6250000 -4.0937500 -4.5625000 -4.3437500 -3.4687500 -0.62500000 -0.71875000 1.0312500 2.9687500 6.6250000 7.1562500 9.3750000 11.906250 14.406250 17.218750 21.843750 24.781250 29.531250 36.156250 39.718750 45.031250 52.062500 56.093750 61.812500 67.687500 73.687500 79.781250 85.875000 91.968750 22.286848
26.2000 -472000.47 -786.62500 -784.28125 -783.18750 -783.37500 -781.03125 -781.15625 -780.09375 -778.96875 -776.68750 -651.59375 -537.03125 -430.50000 -332.43750 -231.53125 -140.75000 -64.125000 3.2500000 56.937500 100.40625 131.65625 151.25000 157.96875 122.78125 96.968750 74.531250 55.843750 41.343750 29.718750 20.343750 13.125000 7.6250000 3.8750000 1.4687500 0.21875000 0.0000000 0.50000000 1.7187500 3.4062500 5.4375000 7.8125000 11.468750 12.843750 15.468750 18.187500 22.093750 23.468750 26.218750 29.250000 32.218750 35.437500 40.093750 43.781250 49.031250 55.531250 59.781250 65.343750 72.312500 76.812500 82.656250 88.625000 94.718750 100.84375 106.96875 113.03125 22.267420
26.4000 -473312.84 -804.71875 -803.50000 -802.87500 -802.84375 -801.62500 -801.56250 -800.96875 -800.31250 -799.12500 -673.25000 -556.93750 -448.71875 -350.75000 -248.46875 -156.56250 -79.125000 -11.593750 43.156250 87.218750 119.71875 139.78125 147.71875 115.56250 91.093750 69.968750 53.000000 39.125000 28.062500 19.125000 12.218750 6.9687500 3.4375000 1.1875000 0.12500000 0.0000000 0.53125000 1.8437500 3.6250000 5.6875000 8.0625000 11.125000 13.125000 15.812500 18.468750 21.656250 23.656250 26.437500 29.437500 32.343750 35.437500 39.531250 43.937500 49.062500 54.906250 59.687500 65.187500 71.406250 76.468750 82.281250 88.187500 94.093750 100.12500 106.18750 112.18750 22.177179
26.6000 -473302.62 -509.56250 -508.06250 -507.34375 -507.37500 -505.90625 -505.96875 -505.25000 -504.53125 -503.00000 -376.31250 -260.43750 -151.31250 -51.968750 50.687500 141.56250 219.71875 286.75000 340.40625 384.96875 417.03125 435.75000 443.18750 289.25000 203.84375 145.59375 105.78125 76.250000 54.562500 37.656250 25.187500 15.625000 9.0000000 4.4375000 1.5000000 0.0000000 -0.37500000 0.0000000 1.1250000 2.6875000 4.6875000 7.6250000 9.2500000 11.687500 14.187500 17.531250 19.312500 21.875000 24.781250 27.593750 30.750000 34.906250 39.062500 44.062500 50.125000 54.625000 60.125000 66.468750 71.437500 77.250000 83.187500 89.187500 95.187500 101.31250 107.31250 22.315956
26.8000 -472945.12 -788.78125 -787.34375 -787.21875 -788.37500 -786.96875 -788.09375 -787.93750 -787.81250 -786.40625 -659.90625 -543.62500 -435.90625 -336.34375 -233.96875 -142.75000 -64.843750 3.0000000 56.687500 101.25000 132.93750 152.21875 159.37500 124.28125 98.625000 76.000000 57.125000 42.437500 30.687500 21.062500 13.718750 8.0000000 4.1875000 1.6562500 0.31250000 0.0000000 0.43750000 1.5000000 3.1250000 5.0625000 7.3750000 11.000000 12.218750 14.875000 17.437500 21.437500 22.625000 25.281250 28.218750 31.125000 34.187500 38.937500 42.562500 47.656250 54.187500 58.218750 63.687500 70.562500 75.000000 80.750000 86.562500 92.562500 98.562500 104.59375 110.56250 22.319855
27.0000 -472038.56 -775.31250 -773.59375 -773.40625 -774.68750 -773.00000 -774.28125 -774.03125 -773.81250 -772.09375 -646.65625 -531.62500 -424.53125 -326.03125 -224.25000 -132.81250 -55.625000 11.750000 65.031250 109.65625 141.34375 161.90625 168.00000 131.71875 105.18750 81.656250 61.718750 46.218750 33.812500 23.531250 15.656250 9.5312500 5.2187500 2.3125000 0.59375000 0.0000000 0.15625000 1.1875000 2.5937500 4.3437500 6.5312500 10.375000 11.281250 13.843750 16.406250 20.562500 21.593750 24.218750 27.093750 30.031250 33.156250 38.062500 41.406250 46.406250 53.187500 57.031250 62.468750 69.625000 73.843750 79.656250 85.562500 91.531250 97.531250 103.65625 109.65625 22.328913
27.2000 -472543.25 -551.96875 -550.31250 -550.12500 -551.43750 -549.78125 -551.06250 -550.87500 -550.71875 -549.06250 -420.96875 -303.78125 -194.71875 -94.437500 9.6875000 102.90625 182.06250 251.25000 307.06250 352.15625 385.40625 405.71875 414.06250 312.87500 243.21875 187.25000 144.06250 109.87500 82.937500 60.718750 43.156250 29.000000 18.437500 10.250000 4.2500000 0.0000000 -2.6562500 -4.1250000 -4.6250000 -4.4375000 -3.7187500 -1.0937500 -1.0312500 0.71875000 2.6250000 6.0937500 6.7500000 8.9062500 11.406250 13.843750 16.625000 21.187500 24.218750 29.062500 35.500000 39.187500 44.593750 51.500000 55.718750 61.468750 67.343750 73.375000 79.437500 85.625000 91.687500 22.338209
27.4000 -472403.81 -366.56250 -365.40625 -365.18750 -365.78125 -364.68750 -365.28125 -365.03125 -364.78125 -363.65625 -235.46875 -116.56250 -6.8125000 94.531250 198.25000 292.43750 372.93750 442.12500 499.68750 545.31250 578.75000 600.84375 610.46875 393.59375 275.40625 196.09375 142.65625 103.43750 74.593750 52.281250 35.593750 22.718750 13.750000 7.2187500 2.7187500 0.0000000 -1.2187500 -1.5312500 -0.90625000 0.28125000 1.9062500 4.8125000 6.0312500 8.4687500 10.843750 14.218750 15.781250 18.437500 21.375000 24.218750 27.343750 31.750000 35.843750 41.125000 47.281250 52.031250 57.718750 64.531250 69.531250 75.656250 81.781250 88.093750 94.406250 100.84375 107.15625 22.350260
27.6000 -472391.06 -699.00000 -697.03125 -696.37500 -696.96875 -695.00000 -695.59375 -694.93750 -694.28125 -692.28125 -566.03125 -451.21875 -343.75000 -244.71875 -143.25000 -51.625000 25.562500 94.000000 148.62500 194.03125 226.31250 247.06250 255.25000 195.50000 152.78125 117.34375 89.218750 67.125000 49.625000 35.500000 24.406250 15.750000 9.3750000 4.8125000 1.7500000 0.0000000 -0.75000000 -0.65625000 0.12500000 1.2500000 2.8437500 5.9687500 6.6562500 8.8125000 10.906250 14.406250 15.250000 17.625000 20.187500 22.750000 25.437500 29.812500 32.906250 37.437500 43.406250 47.000000 52.000000 58.343750 62.312500 67.562500 73.000000 78.375000 83.937500 89.562500 95.000000 22.256424
27.8000 -473113.84 -823.25000 -821.18750 -820.00000 -819.65625 -817.59375 -817.28125 -816.09375 -814.90625 -812.81250 -686.50000 -570.37500 -463.78125 -363.78125 -262.34375 -169.87500 -92.031250 -22.812500 31.562500 77.000000 108.68750 130.00000 138.46875 105.40625 81.312500 60.906250 44.562500 31.843750 21.937500 14.156250 8.3750000 4.0937500 1.4375000 0.0000000 -0.43750000 0.0000000 1.1250000 2.8750000 4.9375000 7.2500000 9.8437500 13.343750 15.187500 18.000000 20.781250 24.406250 26.125000 28.875000 31.937500 34.843750 37.937500 42.156250 46.187500 51.187500 57.250000 61.562500 66.937500 73.218750 77.875000 83.500000 89.093750 94.812500 100.65625 106.43750 112.15625 22.350946
28.0000 -472210.91 -821.90625 -820.84375 -820.25000 -820.06250 -819.03125 -818.84375 -818.25000 -817.62500 -816.56250 -692.84375 -577.43750 -469.62500 -371.28125 -269.93750 -179.40625 -101.43750 -35.125000 20.437500 64.875000 96.781250 117.53125 126.68750 96.093750 73.468750 54.593750 39.843750 28.125000 19.062500 11.875000 6.5937500 2.8750000 0.59375000 -0.53125000 -0.75000000 0.0000000 1.1875000 3.0625000 5.2187500 7.6250000 10.343750 13.500000 15.843750 18.656250 21.437500 24.531250 26.875000 29.593750 32.625000 35.562500 38.750000 42.593750 47.031250 52.062500 57.718750 62.500000 67.906250 73.718750 78.812500 84.437500 90.062500 95.812500 101.62500 107.46875 113.18750 22.349367
28.2000 -473021.94 -787.21875 -786.12500 -785.68750 -785.87500 -784.78125 -785.00000 -784.53125 -784.09375 -783.06250 -655.75000 -538.25000 -428.68750 -327.90625 -224.81250 -131.12500 -51.125000 18.843750 75.187500 121.50000 155.50000 179.18750 188.78125 148.53125 117.96875 91.875000 70.906250 53.656250 39.781250 28.406250 19.281250 12.250000 7.0937500 3.5312500 1.1562500 0.0000000 -0.28125000 0.21875000 1.2812500 2.8125000 4.6562500 7.3125000 8.9375000 11.281250 13.656250 16.625000 18.531250 20.968750 23.781250 26.500000 29.468750 33.437500 37.531250 42.468750 48.062500 52.687500 58.000000 64.093750 69.093750 74.781250 80.531250 86.406250 92.343750 98.406250 104.34375 22.207014
28.4000 -472600.34 -825.34375 -823.12500 -822.12500 -822.31250 -820.09375 -820.31250 -819.31250 -818.28125 -816.06250 -690.87500 -575.62500 -466.84375 -367.43750 -264.71875 -173.34375 -93.906250 -24.250000 31.687500 77.687500 111.03125 133.53125 143.03125 110.81250 87.250000 66.562500 49.312500 36.000000 25.437500 16.906250 10.500000 5.6875000 2.5000000 0.68750000 -0.12500000 0.0000000 0.87500000 2.3125000 4.3125000 6.5625000 9.0625000 12.937500 14.437500 17.156250 19.968750 23.937500 25.437500 28.187500 31.250000 34.250000 37.406250 42.125000 45.968750 51.093750 57.562500 61.781250 67.312500 74.125000 78.687500 84.562500 90.437500 96.375000 102.43750 108.43750 114.43750 22.206337
28.6000 -473641.81 -858.96875 -857.28125 -856.56250 -856.81250 -855.12500 -855.37500 -854.65625 -853.93750 -852.25000 -728.21875 -613.68750 -507.43750 -409.65625 -307.43750 -217.90625 -141.06250 -74.843750 -20.468750 22.843750 54.281250 75.250000 82.625000 64.687500 51.281250 38.875000 28.125000 19.843750 13.218750 8.0625000 4.1250000 1.3750000 -0.25000000 -1.0000000 -0.87500000 0.0000000 1.3750000 3.1250000 5.3125000 7.5625000 10.187500 13.718750 15.437500 18.125000 20.812500 24.406250 26.031250 28.750000 31.562500 34.437500 37.468750 41.781250 45.562500 50.406250 56.437500 60.625000 65.750000 72.093750 76.500000 82.000000 87.500000 93.187500 98.812500 104.56250 110.15625 22.210703
28.8000 -474138.62 -910.78125 -909.00000 -908.56250 -909.46875 -907.71875 -908.59375 -908.15625 -907.71875 -905.93750 -778.81250 -662.25000 -553.12500 -453.03125 -348.90625 -256.03125 -176.56250 -106.90625 -51.125000 -4.5937500 29.125000 51.531250 60.187500 45.031250 34.406250 24.343750 15.218750 8.9375000 4.2187500 0.65625000 -1.7187500 -3.0312500 -3.3437500 -3.0000000 -1.7500000 0.0000000 2.0937500 4.7187500 7.5312500 10.468750 13.593750 17.937500 19.718750 22.781250 25.718750 30.031250 31.593750 34.468750 37.593750 40.625000 43.843750 48.812500 52.468750 57.593750 64.156250 68.156250 73.625000 80.531250 84.718750 90.375000 96.093750 101.87500 107.65625 113.53125 119.21875 22.210911
29.0000 -472572.09 -647.93750 -646.65625 -646.21875 -646.59375 -645.31250 -645.71875 -645.28125 -644.81250 -643.53125 -517.43750 -401.50000 -292.31250 -193.18750 -90.468750 1.2187500 79.656250 148.15625 203.34375 248.25000 281.25000 302.15625 310.65625 235.59375 183.50000 141.46875 108.96875 82.937500 62.187500 45.187500 31.687500 20.937500 12.937500 6.9375000 2.7500000 0.0000000 -1.4375000 -2.0000000 -1.7500000 -1.0000000 0.37500000 2.8437500 3.8750000 5.9375000 8.0312500 11.062500 12.437500 14.875000 17.468750 20.125000 23.000000 27.000000 30.750000 35.687500 41.468750 45.875000 51.250000 57.531250 62.312500 68.062500 73.906250 79.875000 85.812500 92.000000 98.000000 22.278164
29.2000 -473656.12 553.71875 555.37500 555.62500 554.43750 556.15625 554.96875 555.21875 555.46875 557.15625 682.59375 797.56250 904.50000 1002.5000 1105.0625 1196.4375 1273.6562 1342.5000 1397.4062 1442.8125 1475.1562 1496.7188 1504.8750 526.12500 290.03125 181.03125 120.90625 82.125000 56.062500 37.125000 23.750000 14.031250 7.6250000 3.4375000 0.93750000 0.0000000 0.093750000 1.0312500 2.7500000 4.7500000 7.3125000 11.343750 12.750000 15.531250 18.375000 22.718750 24.093750 26.968750 30.312500 33.500000 36.875000 42.000000 46.031250 51.625000 58.718750 63.062500 69.000000 76.531250 81.312500 87.562500 94.000000 100.34375 106.93750 113.46875 119.93750 22.333435
29.4000 -473618.00 -673.71875 -671.31250 -670.87500 -672.25000 -669.90625 -671.31250 -670.84375 -670.34375 -667.93750 -542.93750 -427.34375 -319.46875 -220.65625 -118.87500 -25.906250 50.687500 119.75000 172.12500 217.71875 250.28125 270.21875 276.90625 214.21875 169.53125 131.53125 100.53125 76.375000 57.031250 41.093750 28.593750 18.593750 11.343750 5.9687500 2.2500000 0.0000000 -1.0000000 -1.0625000 -0.34375000 0.90625000 2.5937500 6.4375000 6.7812500 9.0937500 11.593750 15.968750 16.562500 19.156250 22.156250 25.062500 28.218750 33.656250 36.781250 42.093750 49.468750 53.218750 59.031250 66.843750 71.093750 77.343750 83.687500 90.093750 96.625000 103.18750 109.65625 22.304775
29.6000 -473636.59 -854.50000 -853.37500 -852.53125 -851.93750 -850.81250 -850.21875 -849.40625 -848.53125 -847.37500 -719.28125 -600.59375 -491.12500 -389.40625 -283.37500 -190.18750 -108.84375 -39.500000 18.218750 65.375000 100.90625 123.65625 135.00000 105.62500 82.906250 63.437500 48.062500 35.187500 25.062500 16.843750 10.562500 5.8125000 2.7500000 0.81250000 -0.062500000 0.0000000 0.93750000 2.4375000 4.3437500 6.4375000 9.0000000 11.875000 14.312500 17.000000 19.718750 22.781250 25.125000 27.937500 30.937500 33.843750 37.125000 40.906250 45.625000 50.750000 56.312500 61.500000 67.062500 72.937500 78.375000 84.218750 90.125000 96.187500 102.18750 108.31250 114.31250 22.308788
29.8000 -473670.03 -759.50000 -757.71875 -757.18750 -757.81250 -756.06250 -756.71875 -756.12500 -755.56250 -753.81250 -628.53125 -512.68750 -404.75000 -306.46875 -204.18750 -113.18750 -36.500000 30.937500 84.968750 128.62500 158.46875 178.46875 184.25000 141.62500 110.90625 84.937500 63.875000 47.500000 34.500000 23.968750 15.812500 9.6562500 5.2500000 2.3750000 0.65625000 0.0000000 0.25000000 1.1875000 2.5625000 4.3437500 6.4687500 9.9375000 11.187500 13.562500 16.125000 19.781250 21.062500 23.625000 26.437500 29.218750 32.312500 36.718750 40.312500 45.187500 51.500000 55.437500 60.750000 67.343750 71.687500 77.250000 82.968750 88.750000 94.562500 100.37500 106.21875 22.220331
30.0000 -472561.06 -743.65625 -742.25000 -741.78125 -742.31250 -740.87500 -741.43750 -740.96875 -740.50000 -739.06250 -612.37500 -495.15625 -386.59375 -285.90625 -182.90625 -90.093750 -9.9062500 59.031250 114.68750 160.59375 194.46875 216.15625 224.84375 174.87500 138.12500 107.03125 82.093750 62.125000 46.156250 32.968750 22.687500 14.468750 8.5312500 4.3750000 1.5312500 0.0000000 -0.46875000 -0.15625000 0.78125000 2.1562500 4.0312500 7.0312500 8.2187500 10.593750 12.937500 16.406250 17.843750 20.406250 23.156250 25.968750 29.000000 33.343750 37.125000 42.156250 48.343750 52.718750 58.156250 64.718750 69.406250 75.281250 81.187500 87.250000 93.281250 99.406250 105.50000 22.204634
30.2000 -474160.16 -488.56250 -486.00000 -484.46875 -483.93750 -481.37500 -480.87500 -479.34375 -477.81250 -475.21875 -349.28125 -233.90625 -127.12500 -29.000000 73.843750 164.90625 242.56250 309.31250 363.62500 407.59375 438.75000 459.46875 466.00000 309.68750 221.84375 161.15625 119.06250 87.812500 64.312500 45.750000 31.593750 20.562500 12.562500 6.7812500 2.6250000 0.0000000 -1.3125000 -1.6875000 -1.2500000 -0.34375000 1.0625000 3.7812500 4.7187500 6.7500000 9.0000000 12.156250 13.375000 15.812500 18.500000 21.062500 23.968750 28.250000 31.843750 36.625000 42.750000 46.937500 52.281250 58.781250 63.375000 69.062500 74.906250 80.843750 86.812500 92.937500 98.937500 22.258186
30.4000 -473696.81 -675.25000 -673.56250 -673.46875 -674.90625 -673.25000 -674.68750 -674.56250 -674.46875 -672.78125 -550.65625 -437.90625 -333.56250 -236.81250 -137.68750 -49.468750 25.062500 91.093750 141.96875 184.40625 214.53125 232.34375 237.31250 155.21875 110.15625 77.968750 54.500000 37.937500 25.656250 16.312500 9.4375000 4.6875000 1.7187500 0.062500000 -0.40625000 0.0000000 1.2500000 3.0625000 5.3125000 7.7500000 10.625000 15.000000 16.281250 19.312500 22.250000 26.687500 28.000000 30.937500 34.125000 37.187500 40.625000 45.875000 49.531250 54.843750 61.968750 66.031250 71.750000 79.125000 83.437500 89.500000 95.562500 101.68750 107.93750 114.18750 120.31250 22.243750
30.6000 -472885.53 -765.00000 -763.03125 -762.53125 -763.56250 -761.56250 -762.53125 -762.03125 -761.59375 -759.62500 -634.00000 -517.84375 -409.68750 -310.53125 -208.28125 -116.06250 -38.312500 31.281250 84.906250 130.81250 163.15625 184.50000 191.87500 142.62500 108.90625 81.093750 59.000000 42.437500 29.687500 19.625000 12.062500 6.5625000 3.0000000 0.75000000 -0.062500000 0.0000000 0.93750000 2.5312500 4.6250000 6.9375000 9.7187500 13.906250 15.375000 18.250000 21.187500 25.531250 26.875000 29.875000 33.093750 36.250000 39.625000 44.812500 48.687500 54.062500 61.218750 65.468750 71.312500 78.718750 83.375000 89.562500 95.781250 102.00000 108.37500 114.75000 121.12500 22.285069
30.8000 -472428.72 -680.96875 -679.15625 -678.78125 -679.78125 -678.00000 -679.00000 -678.65625 -678.21875 -676.46875 -549.53125 -434.28125 -325.40625 -226.53125 -122.90625 -31.656250 46.000000 114.71875 168.78125 214.31250 246.53125 267.25000 274.15625 189.34375 137.96875 99.937500 71.968750 51.531250 36.218750 24.281250 15.468750 8.9062500 4.5000000 1.7812500 0.28125000 0.0000000 0.56250000 1.7812500 3.6562500 5.7812500 8.2500000 12.281250 13.593750 16.312500 19.156250 23.343750 24.656250 27.468750 30.593750 33.531250 36.906250 41.937500 45.718750 51.031250 57.968750 62.093750 67.781250 75.156250 79.593750 85.531250 91.781250 97.968750 104.18750 110.46875 116.71875 22.287216
31.0000 -472367.66 -872.25000 -870.28125 -869.53125 -869.93750 -867.96875 -868.43750 -867.65625 -866.90625 -864.90625 -736.03125 -618.31250 -509.43750 -408.40625 -303.78125 -209.81250 -130.31250 -59.937500 -2.8750000 43.562500 77.593750 99.843750 109.43750 84.687500 66.406250 50.000000 36.062500 25.437500 17.031250 10.312500 5.4687500 1.9687500 -0.062500000 -0.93750000 -0.87500000 0.0000000 1.6250000 3.7187500 6.2500000 8.9375000 12.000000 16.156250 18.000000 21.125000 24.250000 28.531250 30.218750 33.312500 36.656250 39.937500 43.406250 48.468750 52.687500 58.250000 65.156250 69.750000 75.750000 82.968750 87.906250 94.093750 100.43750 106.78125 113.34375 119.68750 126.12500 22.202024
31.2000 -473869.34 -900.18750 -897.65625 -896.53125 -896.87500 -894.37500 -894.71875 -893.62500 -892.53125 -889.96875 -764.46875 -649.15625 -541.56250 -442.25000 -340.12500 -247.81250 -169.84375 -102.28125 -47.593750 -2.8437500 29.000000 49.406250 56.562500 41.062500 30.437500 20.437500 11.531250 5.5000000 1.0937500 -2.0000000 -4.0000000 -4.8750000 -4.7500000 -3.8125000 -2.1875000 0.0000000 2.5625000 5.5625000 8.8125000 12.062500 15.562500 20.312500 22.312500 25.625000 28.937500 33.531250 35.125000 38.375000 41.750000 45.000000 48.468750 53.750000 57.750000 63.312500 70.250000 74.531250 80.343750 87.562500 92.093750 98.125000 104.15625 110.25000 116.37500 122.50000 128.62500 22.239897
31.4000 -472015.31 -756.43750 -755.09375 -754.43750 -754.43750 -753.06250 -753.09375 -752.40625 -751.75000 -750.37500 -626.12500 -513.03125 -407.09375 -310.06250 -210.40625 -121.40625 -45.406250 20.437500 73.406250 116.09375 146.93750 166.03125 172.62500 133.15625 104.03125 79.500000 60.000000 44.375000 32.000000 21.937500 14.312500 8.4687500 4.4375000 1.8125000 0.37500000 0.0000000 0.43750000 1.5000000 3.1250000 5.1250000 7.3750000 10.406250 12.312500 14.875000 17.500000 20.687500 22.625000 25.312500 28.218750 31.031250 34.156250 38.281250 42.437500 47.468750 53.281250 57.937500 63.375000 69.531250 74.562500 80.250000 86.062500 91.906250 97.812500 103.81250 109.71875 22.347122
31.6000 -472607.69 -762.93750 -762.28125 -762.09375 -762.43750 -761.75000 -762.09375 -761.93750 -761.78125 -761.09375 -634.00000 -515.68750 -404.84375 -304.62500 -200.50000 -106.46875 -25.687500 43.062500 100.93750 145.93750 180.46875 203.06250 212.81250 163.90625 128.15625 98.468750 75.312500 56.656250 41.687500 29.531250 20.000000 12.593750 7.3125000 3.5625000 1.2500000 0.0000000 -0.31250000 0.21875000 1.2500000 2.8125000 4.7500000 7.3750000 9.0000000 11.312500 13.750000 16.687500 18.562500 21.000000 23.812500 26.562500 29.562500 33.281250 37.500000 42.406250 47.968750 52.625000 57.968750 63.968750 68.937500 74.593750 80.281250 86.187500 92.062500 98.031250 103.87500 22.375744
31.8000 -472300.66 -473.09375 -471.03125 -470.62500 -471.90625 -469.87500 -471.12500 -470.71875 -470.34375 -468.28125 -342.25000 -226.93750 -117.84375 -17.875000 86.031250 177.90625 256.31250 325.28125 379.25000 427.28125 460.18750 481.93750 490.46875 364.87500 280.12500 213.59375 163.21875 124.00000 93.375000 68.343750 48.750000 32.906250 21.000000 11.843750 4.9375000 0.0000000 -3.1875000 -5.3125000 -6.3125000 -6.5625000 -6.1250000 -3.6562500 -4.1250000 -2.6875000 -1.1250000 2.2500000 2.4062500 4.3750000 6.6250000 8.8750000 11.375000 15.812500 18.312500 22.750000 28.906250 32.093750 37.031250 43.750000 47.343750 52.750000 58.218750 63.875000 69.593750 75.312500 81.062500 22.397932
32.0000 -472991.84 -819.50000 -817.81250 -817.31250 -817.96875 -816.31250 -817.00000 -816.46875 -815.96875 -814.28125 -689.00000 -575.28125 -467.84375 -369.50000 -268.09375 -176.68750 -99.468750 -31.468750 22.375000 67.781250 100.25000 121.18750 129.43750 101.25000 80.281250 61.656250 45.812500 33.562500 23.812500 15.843750 9.7500000 5.2812500 2.3437500 0.56250000 -0.12500000 0.0000000 0.87500000 2.4062500 4.2500000 6.5000000 9.0000000 12.750000 14.281250 17.000000 19.687500 23.562500 25.125000 27.843750 30.875000 33.750000 37.000000 41.531250 45.375000 50.531250 56.906250 61.125000 66.625000 73.406250 77.968750 83.718750 89.562500 95.500000 101.50000 107.50000 113.46875 22.358170
32.2000 -472941.41 -737.90625 -736.40625 -736.03125 -736.84375 -735.34375 -736.12500 -735.75000 -735.40625 -733.87500 -608.00000 -492.90625 -384.84375 -286.75000 -184.18750 -91.812500 -14.281250 53.250000 108.09375 153.00000 186.12500 206.71875 215.37500 160.21875 123.53125 93.906250 70.718750 52.718750 38.562500 27.093750 18.218750 11.250000 6.3437500 3.0312500 0.96875000 0.0000000 -0.12500000 0.56250000 1.8437500 3.5312500 5.5937500 8.9687500 10.156250 12.562500 15.093750 18.718750 19.968750 22.531250 25.468750 28.281250 31.312500 35.843750 39.500000 44.531250 50.875000 55.031250 60.437500 67.218750 71.718750 77.468750 83.406250 89.343750 95.375000 101.40625 107.43750 22.274422
32.4000 -473046.22 -660.87500 -659.37500 -659.06250 -659.87500 -658.43750 -659.25000 -658.93750 -658.62500 -657.12500 -532.43750 -417.03125 -310.06250 -211.59375 -110.90625 -20.687500 55.281250 122.84375 175.50000 219.40625 249.87500 268.68750 274.15625 208.21875 161.68750 123.59375 93.875000 70.531250 52.062500 37.093750 25.531250 16.281250 9.7187500 4.9062500 1.8750000 0.0000000 -0.71875000 -0.53125000 0.28125000 1.5937500 3.4375000 6.4687500 7.6562500 9.8750000 12.281250 15.812500 17.031250 19.593750 22.406250 25.187500 28.218750 32.625000 36.343750 41.281250 47.531250 51.750000 57.156250 63.812500 68.406250 74.218750 80.093750 86.031250 92.031250 98.125000 104.15625 22.289675
32.6000 -472489.88 -685.93750 -684.12500 -683.34375 -683.62500 -681.78125 -682.09375 -681.34375 -680.56250 -678.71875 -552.43750 -436.68750 -328.84375 -228.84375 -127.43750 -35.187500 43.062500 111.62500 166.03125 211.03125 243.65625 264.84375 273.34375 192.31250 142.62500 105.37500 77.875000 56.937500 40.937500 28.187500 18.500000 11.187500 6.1250000 2.7812500 0.81250000 0.0000000 0.18750000 1.1250000 2.6875000 4.6250000 6.9375000 10.406250 11.937500 14.687500 17.437500 21.093750 22.718750 25.593750 28.687500 31.656250 34.937500 39.593750 43.625000 48.875000 55.406250 60.000000 65.718750 72.625000 77.562500 83.656250 89.812500 96.062500 102.28125 108.68750 114.93750 22.320498
32.8000 -473082.94 -551.71875 -549.06250 -548.12500 -548.87500 -546.21875 -547.00000 -546.03125 -545.06250 -542.40625 -416.18750 -299.21875 -190.06250 -90.343750 12.156250 106.09375 184.90625 254.53125 309.03125 356.15625 390.18750 411.28125 419.43750 309.68750 237.28125 180.59375 137.31250 103.78125 77.562500 56.343750 39.656250 26.312500 16.375000 9.0625000 3.6562500 0.0000000 -2.1875000 -3.1875000 -3.2187500 -2.6250000 -1.5625000 1.7187500 1.8125000 3.8125000 5.9375000 9.9062500 10.437500 12.843750 15.593750 18.312500 21.343750 26.281250 29.500000 34.437500 41.406250 45.156250 50.750000 58.187500 62.375000 68.437500 74.718750 80.968750 87.250000 93.687500 100.06250 22.350368
33.0000 -472284.12 -823.90625 -821.87500 -820.84375 -820.90625 -818.87500 -818.87500 -817.90625 -816.90625 -814.87500 -687.31250 -569.50000 -459.68750 -359.56250 -255.68750 -162.75000 -83.593750 -14.562500 41.812500 87.687500 121.09375 142.18750 151.06250 115.25000 89.343750 67.281250 49.437500 35.500000 24.625000 15.937500 9.5000000 4.7187500 1.7500000 0.12500000 -0.43750000 0.0000000 1.1875000 3.0937500 5.3437500 7.9687500 10.812500 14.875000 16.937500 20.000000 23.125000 27.156250 29.093750 32.187500 35.562500 38.812500 42.375000 47.281250 51.875000 57.500000 64.343750 69.250000 75.281250 82.500000 87.812500 94.125000 100.62500 107.09375 113.75000 120.37500 126.90625 22.373861
33.2000 -472464.88 -367.75000 -366.43750 -366.28125 -367.28125 -365.93750 -366.90625 -366.75000 -366.62500 -365.28125 -236.34375 -118.31250 -8.3125000 92.468750 197.75000 291.62500 372.00000 441.65625 498.28125 545.40625 579.56250 601.18750 610.87500 405.62500 290.06250 210.46875 155.59375 114.71875 84.187500 60.187500 41.875000 27.500000 17.093750 9.3125000 3.7812500 0.0000000 -2.1250000 -3.1250000 -3.1875000 -2.5625000 -1.3125000 1.4062500 2.0625000 4.1875000 6.4062500 9.7500000 10.906250 13.343750 16.093750 18.750000 21.812500 26.281250 30.031250 35.093750 41.437500 45.750000 51.375000 58.281250 63.062500 69.125000 75.250000 81.468750 87.750000 94.187500 100.46875 22.388336
33.4000 -472997.69 -590.18750 -588.21875 -587.53125 -588.25000 -586.28125 -586.93750 -586.31250 -585.68750 -583.71875 -457.46875 -340.34375 -231.12500 -131.18750 -27.281250 65.093750 143.15625 212.15625 266.81250 312.09375 344.12500 364.46875 371.75000 264.53125 198.53125 148.71875 111.59375 83.250000 61.281250 43.687500 30.000000 19.406250 11.718750 6.1562500 2.3437500 0.0000000 -1.0312500 -1.1250000 -0.46875000 0.75000000 2.4687500 5.7812500 6.5937500 8.9062500 11.343750 15.125000 16.218750 18.843750 21.656250 24.468750 27.531250 32.343750 35.843750 41.000000 47.656250 51.781250 57.406250 64.500000 69.031250 74.968750 81.093750 87.281250 93.562500 99.843750 106.03125 22.392939
33.6000 -471967.06 -498.06250 -495.18750 -493.87500 -494.15625 -491.25000 -491.53125 -490.21875 -488.90625 -486.03125 -360.09375 -244.50000 -137.34375 -37.718750 64.187500 156.06250 233.81250 302.18750 356.03125 401.62500 433.90625 454.84375 461.78125 340.46875 260.56250 198.62500 151.90625 115.65625 87.218750 63.968750 45.718750 30.781250 19.718750 11.156250 4.7187500 0.0000000 -3.0000000 -4.8437500 -5.6562500 -5.7812500 -5.2812500 -2.8125000 -3.0937500 -1.5625000 0.093750000 3.5000000 3.8437500 5.9062500 8.2500000 10.593750 13.187500 17.625000 20.406250 24.968750 31.250000 34.656250 39.781250 46.625000 50.562500 56.218750 61.906250 67.718750 73.656250 79.718750 85.656250 22.381472
33.8000 -471985.81 -630.56250 -628.46875 -627.43750 -627.46875 -625.40625 -625.40625 -624.37500 -623.31250 -621.21875 -494.43750 -379.53125 -271.00000 -172.59375 -71.562500 20.718750 98.843750 165.65625 220.37500 265.15625 298.18750 317.31250 326.00000 231.87500 173.31250 129.31250 96.781250 71.812500 52.625000 37.250000 25.437500 16.187500 9.6250000 4.9062500 1.7812500 0.0000000 -0.65625000 -0.43750000 0.43750000 1.8125000 3.5625000 6.6875000 7.8125000 10.125000 12.500000 16.031250 17.312500 19.937500 22.750000 25.500000 28.531250 32.937500 36.656250 41.656250 47.937500 52.125000 57.656250 64.312500 69.000000 74.718750 80.625000 86.625000 92.687500 98.812500 104.87500 22.355501
34.0000 -473272.94 -787.15625 -785.37500 -784.87500 -785.53125 -783.78125 -784.50000 -783.96875 -783.43750 -781.68750 -657.46875 -542.21875 -435.75000 -337.00000 -235.81250 -144.43750 -67.656250 -1.5937500 52.375000 96.218750 128.15625 147.75000 154.12500 118.56250 92.906250 70.750000 52.500000 38.500000 27.468750 18.562500 11.750000 6.6250000 3.2500000 1.0625000 0.062500000 0.0000000 0.68750000 2.0312500 3.7500000 5.8125000 8.2187500 11.937500 13.250000 15.875000 18.500000 22.437500 23.687500 26.343750 29.312500 32.187500 35.312500 39.937500 43.531250 48.625000 54.937500 59.062500 64.437500 71.250000 75.625000 81.312500 87.062500 92.937500 98.812500 104.81250 110.68750 22.343506
34.2000 -472856.59 -466.65625 -465.18750 -464.53125 -464.56250 -463.12500 -463.15625 -462.43750 -461.75000 -460.28125 -332.65625 -214.31250 -105.46875 -4.4375000 99.531250 192.09375 271.43750 340.53125 396.15625 441.90625 474.56250 495.40625 504.21875 355.93750 263.37500 195.75000 147.37500 110.18750 81.750000 59.062500 41.500000 27.625000 17.312500 9.6250000 3.9375000 0.0000000 -2.2812500 -3.5937500 -3.9375000 -3.6250000 -2.7187500 -0.75000000 0.0000000 1.7500000 3.6875000 6.3750000 7.6250000 9.7500000 12.187500 14.562500 17.250000 21.000000 24.656250 29.187500 34.687500 38.906250 44.062500 50.093750 54.687500 60.187500 65.781250 71.500000 77.312500 83.125000 88.968750 22.277864
34.4000 -472955.06 -710.15625 -708.40625 -707.65625 -707.81250 -706.12500 -706.31250 -705.53125 -704.75000 -703.03125 -576.37500 -460.12500 -352.25000 -252.59375 -150.03125 -58.843750 19.406250 87.750000 142.00000 187.31250 220.12500 239.68750 247.81250 184.18750 140.00000 104.68750 77.687500 56.750000 40.562500 27.687500 18.000000 10.750000 5.7500000 2.4687500 0.62500000 0.0000000 0.37500000 1.5625000 3.2500000 5.3125000 7.7500000 11.281250 13.093750 15.937500 18.718750 22.500000 24.312500 27.218750 30.343750 33.375000 36.812500 41.375000 45.625000 51.062500 57.500000 62.218750 68.000000 74.937500 80.062500 86.187500 92.375000 98.656250 104.93750 111.31250 117.62500 22.312847
34.6000 -473345.91 -829.50000 -826.84375 -825.56250 -825.59375 -822.93750 -822.96875 -821.59375 -820.31250 -817.71875 -691.46875 -574.34375 -467.62500 -368.28125 -266.90625 -174.87500 -97.562500 -28.812500 26.375000 71.343750 103.18750 123.65625 131.50000 100.37500 78.093750 58.906250 43.000000 30.937500 21.500000 13.937500 8.3125000 4.1875000 1.5625000 0.12500000 -0.34375000 0.0000000 1.0625000 2.6250000 4.5625000 6.7500000 9.3437500 13.093750 14.531250 17.125000 19.812500 23.687500 25.000000 27.625000 30.625000 33.437500 36.500000 41.156250 44.656250 49.562500 55.906250 59.812500 65.093750 71.718750 75.843750 81.437500 87.062500 92.687500 98.437500 104.12500 109.84375 22.306519
34.8000 -472229.16 -602.68750 -600.50000 -599.87500 -600.81250 -598.59375 -599.59375 -598.96875 -598.28125 -596.06250 -470.37500 -355.15625 -247.62500 -148.53125 -46.312500 46.156250 123.40625 192.43750 246.18750 292.34375 324.90625 346.62500 354.12500 263.00000 202.12500 154.12500 117.25000 88.593750 66.187500 47.937500 33.687500 22.187500 13.718750 7.5625000 3.0000000 0.0000000 -1.5625000 -2.2500000 -2.0625000 -1.2500000 0.062500000 3.2500000 3.5625000 5.6250000 7.7500000 11.562500 12.250000 14.625000 17.312500 19.937500 22.906250 27.687500 30.937500 35.750000 42.531250 46.187500 51.687500 58.906250 63.125000 68.937500 74.937500 81.000000 87.250000 93.468750 99.687500 22.263672
35.0000 -472176.56 -660.81250 -660.00000 -659.71875 -659.96875 -659.15625 -659.43750 -659.12500 -658.84375 -658.03125 -534.15625 -419.34375 -312.71875 -215.34375 -114.03125 -24.250000 52.812500 119.18750 174.03125 216.46875 248.21875 268.18750 275.96875 206.93750 159.43750 121.75000 93.125000 70.218750 52.156250 37.406250 25.875000 16.750000 10.250000 5.3125000 2.0000000 0.0000000 -0.87500000 -0.96875000 -0.18750000 0.87500000 2.5000000 4.7812500 6.3437500 8.5000000 10.750000 13.562500 15.312500 17.687500 20.343750 22.875000 25.875000 29.500000 33.625000 38.437500 43.937500 48.625000 53.906250 59.781250 64.875000 70.437500 76.250000 82.062500 88.062500 93.906250 99.875000 22.282183
35.2000 -472570.38 -793.25000 -791.50000 -790.59375 -790.53125 -788.78125 -788.75000 -787.84375 -786.93750 -785.21875 -660.84375 -546.78125 -440.34375 -343.59375 -242.62500 -153.68750 -76.687500 -10.625000 42.656250 85.406250 115.96875 135.81250 142.00000 109.50000 85.656250 65.093750 48.375000 35.250000 24.812500 16.468750 10.125000 5.4375000 2.3750000 0.56250000 -0.18750000 0.0000000 0.87500000 2.4375000 4.4375000 6.6875000 9.1875000 12.687500 14.500000 17.250000 20.000000 23.625000 25.500000 28.250000 31.343750 34.343750 37.562500 41.937500 46.125000 51.250000 57.375000 62.000000 67.562500 74.062500 79.000000 84.875000 90.781250 96.781250 102.81250 108.87500 114.87500 22.364100
35.4000 -472962.41 -32.812500 -31.406250 -30.906250 -31.218750 -29.812500 -30.125000 -29.593750 -29.093750 -27.687500 100.40625 218.65625 328.59375 430.56250 534.71875 629.40625 710.06250 780.68750 838.62500 885.21875 920.12500 943.25000 953.81250 558.25000 387.62500 280.90625 210.06250 157.06250 117.18750 85.468750 60.875000 41.187500 26.406250 15.062500 6.3750000 0.0000000 -4.1875000 -7.0937500 -8.6250000 -9.2812500 -9.1875000 -7.6562500 -7.5000000 -6.1250000 -4.5312500 -1.9687500 -0.96875000 1.0312500 3.3750000 5.6875000 8.3750000 12.156250 15.687500 20.281250 26.062500 30.250000 35.562500 41.906250 46.687500 52.437500 58.312500 64.343750 70.500000 76.687500 82.843750 22.271996
35.6000 -472908.91 -784.18750 -782.62500 -781.59375 -781.12500 -779.50000 -779.06250 -778.00000 -777.00000 -775.37500 -648.96875 -532.25000 -423.71875 -324.09375 -220.90625 -129.31250 -50.468750 18.531250 74.593750 119.71875 152.75000 174.34375 183.68750 139.50000 107.71875 81.656250 61.375000 45.250000 32.562500 22.343750 14.500000 8.5625000 4.4375000 1.8125000 0.37500000 0.0000000 0.46875000 1.5625000 3.1875000 5.0625000 7.4375000 10.468750 12.375000 15.000000 17.687500 20.875000 22.937500 25.625000 28.562500 31.500000 34.656250 38.718750 43.125000 48.250000 54.156250 59.000000 64.500000 70.718750 75.906250 81.750000 87.656250 93.656250 99.843750 105.93750 112.00000 22.299389
35.8000 -473019.25 -878.03125 -876.00000 -875.12500 -875.25000 -873.28125 -873.43750 -872.53125 -871.62500 -869.56250 -744.87500 -630.34375 -523.18750 -424.46875 -323.06250 -231.62500 -155.28125 -87.187500 -33.437500 11.437500 43.468750 64.593750 72.250000 52.093750 38.156250 25.937500 15.750000 8.5625000 3.2812500 -0.53125000 -3.0000000 -4.1875000 -4.3125000 -3.5625000 -2.1875000 0.0000000 2.4375000 5.4375000 8.6250000 11.812500 15.250000 19.750000 21.937500 25.250000 28.531250 32.781250 34.812500 37.937500 41.312500 44.562500 48.125000 53.156250 57.312500 62.781250 69.625000 74.125000 79.906250 86.968750 91.718750 97.750000 103.81250 109.90625 116.06250 122.21875 128.31250 22.244192
36.0000 -472685.41 -876.56250 -874.84375 -874.25000 -874.81250 -873.09375 -873.62500 -873.06250 -872.50000 -870.71875 -746.31250 -630.78125 -523.75000 -426.31250 -324.78125 -233.43750 -156.25000 -88.500000 -32.937500 11.437500 43.937500 65.125000 73.687500 55.937500 43.281250 31.562500 21.312500 13.906250 8.1250000 3.6250000 0.62500000 -1.3437500 -2.2500000 -2.2500000 -1.4687500 0.0000000 1.8750000 4.3125000 6.8750000 9.7187500 12.687500 16.843750 18.687500 21.687500 24.687500 28.750000 30.437500 33.312500 36.437500 39.468750 42.750000 47.500000 51.437500 56.593750 63.187500 67.406250 72.875000 79.687500 84.187500 89.937500 95.718750 101.56250 107.50000 113.43750 119.25000 22.253927
36.2000 -474191.53 -526.06250 -523.71875 -523.15625 -524.25000 -521.93750 -523.00000 -522.43750 -521.81250 -519.50000 -396.18750 -282.25000 -176.31250 -79.250000 20.281250 110.25000 186.21875 251.87500 303.78125 347.18750 378.37500 396.09375 401.18750 284.00000 214.34375 162.15625 122.96875 93.062500 69.687500 50.750000 35.875000 23.937500 15.062500 8.3125000 3.3750000 0.0000000 -1.9375000 -3.0312500 -3.2500000 -2.8437500 -1.8750000 1.1875000 1.0000000 2.7500000 4.6250000 8.3437500 8.5937500 10.718750 13.125000 15.437500 18.125000 22.843750 25.312500 29.781250 36.281250 39.375000 44.343750 51.281250 54.843750 60.312500 65.750000 71.312500 77.125000 82.875000 88.562500 22.311886
36.4000 -473534.19 -728.00000 -726.06250 -725.43750 -726.15625 -724.21875 -724.96875 -724.34375 -723.71875 -721.78125 -594.71875 -476.31250 -366.81250 -266.84375 -162.03125 -69.312500 10.281250 80.937500 135.59375 183.46875 217.25000 238.56250 247.81250 190.75000 149.56250 114.93750 87.187500 65.437500 48.187500 34.062500 23.187500 14.593750 8.5625000 4.2187500 1.5000000 0.0000000 -0.37500000 0.12500000 1.1875000 2.8125000 4.8125000 8.3750000 9.3750000 11.875000 14.500000 18.437500 19.625000 22.375000 25.437500 28.281250 31.468750 36.312500 40.093750 45.281250 52.031250 56.281250 62.000000 69.062500 73.687500 79.843750 85.937500 92.187500 98.500000 104.87500 111.12500 22.270144
36.6000 -472199.03 -753.53125 -751.53125 -750.81250 -751.37500 -749.37500 -749.87500 -749.15625 -748.46875 -746.46875 -620.12500 -504.59375 -395.87500 -296.43750 -194.06250 -102.15625 -24.093750 45.031250 98.656250 144.50000 177.50000 198.59375 206.68750 155.93750 121.18750 92.562500 69.812500 52.156250 38.093750 26.687500 17.937500 11.062500 6.2500000 2.8750000 0.87500000 0.0000000 -0.062500000 0.62500000 2.0000000 3.6250000 5.7500000 9.3125000 10.437500 12.906250 15.500000 19.281250 20.562500 23.218750 26.125000 28.937500 32.062500 36.750000 40.468750 45.500000 52.062500 56.187500 61.750000 68.687500 73.218750 79.062500 85.031250 91.093750 97.343750 103.43750 109.59375 22.356865
36.8000 -472738.94 -672.15625 -670.00000 -669.40625 -670.46875 -668.31250 -669.31250 -668.78125 -668.21875 -666.03125 -541.78125 -428.37500 -321.84375 -224.28125 -124.75000 -33.875000 42.125000 109.93750 162.59375 206.37500 238.37500 258.81250 265.18750 186.31250 138.96875 103.15625 76.093750 55.937500 40.437500 28.125000 18.750000 11.500000 6.5000000 3.0625000 0.96875000 0.0000000 0.0000000 0.75000000 2.0000000 3.7187500 5.7500000 9.5625000 10.312500 12.812500 15.281250 19.375000 20.250000 22.812500 25.656250 28.500000 31.593750 36.500000 39.625000 44.562500 51.312500 54.906250 60.250000 67.343750 71.312500 76.968750 82.750000 88.593750 94.562500 100.50000 106.37500 22.315746
37.0000 -472477.84 -182.56250 -179.56250 -177.15625 -175.50000 -172.43750 -170.78125 -168.43750 -166.03125 -163.03125 -38.218750 77.406250 183.46875 281.21875 381.18750 470.93750 547.84375 613.78125 667.93750 710.03125 740.40625 759.21875 765.15625 320.71875 185.28125 118.03125 79.875000 54.531250 37.062500 24.281250 15.093750 8.5625000 4.2500000 1.5937500 0.25000000 0.0000000 0.56250000 1.8437500 3.6250000 5.6875000 8.0937500 11.218750 13.250000 15.875000 18.625000 21.875000 23.875000 26.687500 29.625000 32.531250 35.718750 39.843750 44.156250 49.250000 55.156250 59.875000 65.343750 71.625000 76.656250 82.437500 88.187500 94.187500 100.15625 106.25000 112.15625 22.318874
37.2000 -473347.88 -744.21875 -742.37500 -741.31250 -741.03125 -739.18750 -738.90625 -737.84375 -736.78125 -734.93750 -611.12500 -496.78125 -391.03125 -293.46875 -192.34375 -102.68750 -26.281250 40.218750 92.687500 136.46875 166.28125 186.34375 192.87500 149.65625 117.68750 90.468750 68.687500 51.156250 37.312500 25.937500 17.125000 10.312500 5.6562500 2.5000000 0.71875000 0.0000000 0.25000000 1.3125000 2.8125000 4.8125000 7.1250000 10.468750 12.312500 14.937500 17.750000 21.312500 23.187500 25.937500 29.093750 32.125000 35.406250 39.812500 44.218750 49.562500 55.937500 60.781250 66.531250 73.281250 78.562500 84.625000 90.875000 97.093750 103.43750 109.87500 116.21875 22.254990
37.4000 -472927.59 -756.75000 -754.78125 -754.28125 -755.28125 -753.31250 -754.25000 -753.78125 -753.25000 -751.34375 -624.78125 -511.06250 -403.25000 -304.90625 -202.28125 -109.96875 -31.843750 38.093750 92.718750 138.40625 171.93750 193.78125 202.81250 151.53125 116.50000 87.812500 65.062500 47.812500 34.343750 23.562500 15.437500 9.0625000 4.8125000 2.0625000 0.50000000 0.0000000 0.43750000 1.4375000 3.0312500 4.8750000 7.1562500 10.937500 12.000000 14.562500 17.156250 21.156250 22.375000 24.937500 27.875000 30.781250 33.875000 38.656250 42.156250 47.125000 53.687500 57.500000 63.031250 70.000000 74.218750 79.906250 85.812500 91.562500 97.593750 103.56250 109.50000 22.274643
37.6000 -472339.81 -775.43750 -773.96875 -773.34375 -773.62500 -772.15625 -772.40625 -771.78125 -771.15625 -769.68750 -644.56250 -529.65625 -422.12500 -324.59375 -222.87500 -133.62500 -57.156250 10.062500 63.343750 106.62500 136.71875 155.62500 162.56250 128.15625 102.37500 79.625000 61.000000 46.000000 33.843750 23.812500 15.937500 9.8125000 5.5000000 2.5000000 0.78125000 0.0000000 0.062500000 0.93750000 2.2812500 4.0625000 6.1875000 9.2812500 10.687500 13.250000 15.687500 19.125000 20.750000 23.312500 26.250000 28.968750 32.062500 36.312500 40.250000 45.312500 51.312500 55.750000 61.156250 67.625000 72.406250 78.250000 84.125000 90.031250 96.062500 102.12500 108.12500 22.321890
37.8000 -474020.72 -620.31250 -618.81250 -618.00000 -617.96875 -616.43750 -616.40625 -615.59375 -614.84375 -613.31250 -487.59375 -372.62500 -264.96875 -167.96875 -65.781250 24.375000 101.34375 167.34375 221.18750 263.87500 294.18750 312.96875 319.50000 247.03125 193.96875 150.34375 116.25000 88.562500 66.500000 48.375000 34.062500 22.468750 14.000000 7.5937500 3.0000000 0.0000000 -1.6250000 -2.2500000 -2.1250000 -1.3125000 0.0000000 2.2812500 3.4375000 5.4375000 7.5625000 10.531250 12.062500 14.437500 17.125000 19.750000 22.750000 26.656250 30.593750 35.468750 41.250000 45.781250 51.218750 57.500000 62.437500 68.312500 74.187500 80.250000 86.281250 92.500000 98.562500 22.240046
38.0000 -471726.81 -759.12500 -756.75000 -755.50000 -755.40625 -753.03125 -752.93750 -751.68750 -750.43750 -748.03125 -624.53125 -509.96875 -403.25000 -305.59375 -204.84375 -115.34375 -39.875000 27.437500 80.062500 123.75000 154.03125 173.25000 179.25000 138.46875 108.68750 83.250000 62.531250 46.281250 33.468750 23.062500 15.062500 8.9687500 4.6875000 2.0312500 0.46875000 0.0000000 0.40625000 1.4687500 3.0937500 5.0312500 7.2812500 10.812500 12.218750 14.843750 17.468750 21.281250 22.656250 25.375000 28.343750 31.218750 34.375000 38.968750 42.718750 47.781250 54.125000 58.406250 63.843750 70.593750 75.156250 80.968750 86.750000 92.750000 98.687500 104.78125 110.71875 22.224148
38.2000 -472221.19 -239.81250 -238.59375 -237.93750 -237.81250 -236.59375 -236.46875 -235.78125 -235.12500 -233.93750 -110.93750 1.1250000 106.59375 202.59375 302.15625 390.18750 465.53125 530.25000 582.00000 623.12500 653.40625 670.18750 676.56250 272.71875 150.21875 91.031250 58.375000 37.375000 23.375000 13.531250 6.8750000 2.5000000 0.062500000 -1.0312500 -1.0000000 0.0000000 1.6562500 3.9375000 6.5000000 9.3125000 12.500000 16.093750 18.687500 21.906250 25.031250 28.718750 31.062500 34.187500 37.562500 40.750000 44.312500 48.687500 53.531250 59.156250 65.281250 70.500000 76.437500 83.031250 88.500000 94.656250 100.90625 107.21875 113.53125 119.93750 126.18750 22.298904
38.4000 -473607.75 -503.43750 -501.56250 -501.25000 -502.50000 -500.62500 -501.87500 -501.56250 -501.25000 -499.34375 -374.06250 -258.65625 -150.62500 -51.531250 51.406250 143.43750 221.46875 290.56250 344.34375 390.03125 422.71875 443.12500 450.62500 330.68750 252.75000 192.59375 147.18750 111.93750 84.343750 61.812500 44.125000 29.781250 19.000000 10.750000 4.4687500 0.0000000 -2.9062500 -4.6562500 -5.3750000 -5.4375000 -4.8437500 -2.2500000 -2.5312500 -1.0625000 0.68750000 4.1250000 4.4375000 6.4062500 8.7187500 11.062500 13.656250 18.125000 20.781250 25.312500 31.562500 34.937500 40.031250 46.906250 50.656250 56.218750 61.906250 67.687500 73.500000 79.437500 85.312500 22.343414
38.6000 -474125.91 -794.18750 -792.31250 -792.18750 -793.84375 -791.96875 -793.62500 -793.50000 -793.37500 -791.50000 -664.37500 -548.21875 -438.93750 -338.90625 -235.37500 -140.96875 -62.750000 7.0312500 62.093750 109.68750 142.53125 164.71875 172.68750 132.56250 104.12500 79.437500 58.875000 43.250000 31.000000 21.062500 13.562500 7.8125000 3.9375000 1.5000000 0.25000000 0.0000000 0.59375000 1.8750000 3.6875000 5.8125000 8.2500000 12.468750 13.531250 16.250000 19.000000 23.468750 24.468750 27.218750 30.375000 33.375000 36.625000 41.937500 45.312500 50.531250 57.781250 61.562500 67.250000 74.656250 78.875000 84.875000 90.906250 97.062500 103.25000 109.53125 115.62500 22.271181
38.8000 -472335.38 -721.53125 -719.21875 -718.84375 -720.37500 -718.06250 -719.62500 -719.25000 -718.87500 -716.56250 -591.46875 -477.21875 -370.15625 -272.68750 -171.40625 -81.031250 -4.7812500 62.687500 114.68750 159.28125 189.90625 209.68750 214.34375 169.03125 135.90625 106.50000 81.593750 62.125000 46.406250 33.406250 23.125000 14.843750 8.7812500 4.5625000 1.6250000 0.0000000 -0.53125000 -0.28125000 0.71875000 2.0937500 3.8750000 7.9375000 8.3437500 10.593750 13.093750 17.500000 18.093750 20.718750 23.656250 26.500000 29.718750 35.093750 38.156250 43.406250 50.593750 54.343750 60.093750 67.843750 71.906250 78.093750 84.343750 90.625000 96.968750 103.46875 109.84375 22.280954
39.0000 -472631.19 -746.25000 -742.37500 -740.53125 -740.78125 -736.87500 -737.12500 -735.28125 -733.46875 -729.56250 -602.50000 -486.75000 -378.18750 -278.65625 -175.84375 -82.562500 -4.7500000 65.718750 120.53125 166.21875 198.90625 220.50000 228.46875 182.15625 147.90625 117.03125 90.656250 69.906250 52.906250 38.656250 27.156250 17.906250 11.093750 5.9687500 2.2500000 0.0000000 -1.1562500 -1.5000000 -1.0000000 -0.031250000 1.4375000 5.0625000 4.9687500 7.1250000 9.2812500 13.468750 13.718750 16.093750 18.718750 21.375000 24.218750 29.468750 32.062500 36.875000 43.968750 47.156250 52.468750 59.906250 63.593750 69.281250 75.093750 81.093750 87.156250 93.156250 99.218750 22.331125
39.2000 -473691.19 -367.06250 -365.53125 -364.93750 -365.34375 -363.81250 -364.18750 -363.62500 -363.06250 -361.50000 -234.81250 -119.78125 -12.750000 86.625000 187.56250 278.43750 355.78125 424.31250 478.31250 522.59375 554.25000 575.00000 582.65625 398.75000 293.87500 219.15625 165.87500 124.93750 93.375000 68.000000 48.187500 32.312500 20.562500 11.500000 4.7812500 0.0000000 -2.9375000 -4.7500000 -5.4375000 -5.4375000 -4.7500000 -2.5625000 -2.1875000 -0.43750000 1.4375000 4.4375000 5.5000000 7.6875000 10.250000 12.781250 15.625000 19.718750 23.312500 28.062500 34.187500 38.437500 43.812500 50.437500 55.125000 61.062500 67.062500 73.218750 79.375000 85.687500 91.937500 22.256878
39.4000 -473747.12 -834.18750 -831.12500 -830.00000 -830.68750 -827.68750 -828.37500 -827.21875 -826.06250 -823.00000 -696.18750 -581.15625 -473.12500 -373.06250 -270.75000 -178.25000 -100.65625 -31.656250 22.375000 68.343750 99.750000 121.12500 127.87500 99.250000 78.937500 60.125000 43.656250 31.562500 21.875000 14.187500 8.3750000 4.2500000 1.5000000 0.031250000 -0.43750000 0.0000000 1.1875000 2.8750000 5.0625000 7.3750000 10.187500 14.812500 15.812500 18.625000 21.500000 26.312500 27.093750 30.000000 33.187500 36.187500 39.500000 45.000000 48.187500 53.437500 60.781250 64.375000 69.968750 77.625000 81.500000 87.406250 93.375000 99.375000 105.56250 111.62500 117.68750 22.264044
39.6000 -473450.59 -870.75000 -869.34375 -868.65625 -868.65625 -867.28125 -867.28125 -866.56250 -865.87500 -864.53125 -736.37500 -618.34375 -507.59375 -406.59375 -301.78125 -208.00000 -127.68750 -58.281250 -0.56250000 45.343750 79.156250 101.68750 111.84375 81.937500 60.687500 43.250000 29.687500 19.468750 11.781250 5.9062500 1.8437500 -0.71875000 -1.9687500 -2.1562500 -1.4062500 0.0000000 2.0000000 4.5312500 7.2812500 10.187500 13.406250 17.187500 19.718750 22.906250 26.031250 29.718750 31.968750 35.031250 38.312500 41.468750 44.906250 49.312500 53.843750 59.343750 65.468750 70.468750 76.156250 82.625000 87.781250 93.687500 99.656250 105.75000 111.84375 118.00000 124.00000 22.268990
39.8000 -472505.84 -399.31250 -397.46875 -397.00000 -397.87500 -396.03125 -396.93750 -396.43750 -395.96875 -394.12500 -267.31250 -153.31250 -44.812500 53.656250 156.21875 248.21875 325.59375 393.62500 447.25000 492.71875 524.37500 544.34375 551.56250 378.18750 277.50000 205.75000 154.62500 115.93750 86.312500 62.562500 44.187500 29.437500 18.625000 10.312500 4.1875000 0.0000000 -2.5937500 -4.0000000 -4.4375000 -4.1875000 -3.2812500 -0.62500000 -0.37500000 1.5312500 3.5625000 6.9687500 7.7812500 10.062500 12.750000 15.343750 18.250000 22.875000 26.218750 31.250000 37.812500 41.812500 47.437500 54.562500 59.125000 65.125000 71.312500 77.625000 84.062500 90.437500 96.875000 22.219166
40.0000 -472610.16 -664.87500 -662.25000 -660.62500 -660.03125 -657.43750 -656.87500 -655.25000 -653.62500 -651.00000 -524.87500 -408.50000 -299.12500 -199.65625 -96.843750 -3.5937500 74.906250 143.43750 198.06250 243.46875 276.75000 297.56250 305.62500 228.65625 175.90625 133.81250 101.62500 76.312500 56.500000 40.437500 27.937500 18.000000 10.875000 5.7187500 2.1562500 0.0000000 -1.0000000 -1.0312500 -0.37500000 0.84375000 2.5000000 5.4062500 6.5000000 8.7500000 11.062500 14.406250 15.843750 18.343750 21.187500 23.937500 26.937500 31.281250 35.125000 40.187500 46.437500 50.812500 56.281250 62.906250 67.625000 73.593750 79.531250 85.625000 91.750000 98.000000 104.12500 22.263786
40.2000 -473182.56 -804.65625 -802.93750 -802.21875 -802.40625 -800.65625 -800.87500 -800.12500 -799.34375 -797.62500 -670.62500 -555.59375 -448.00000 -349.21875 -246.81250 -156.50000 -78.187500 -10.500000 43.875000 88.906250 121.21875 140.65625 148.87500 114.37500 89.125000 67.500000 49.937500 36.312500 25.500000 16.906250 10.437500 5.6250000 2.5000000 0.65625000 -0.15625000 0.0000000 0.87500000 2.2500000 4.2500000 6.4375000 8.9375000 12.468750 14.093750 16.843750 19.500000 23.218750 24.843750 27.562500 30.468750 33.375000 36.468750 40.906250 44.812500 49.812500 55.968750 60.312500 65.593750 72.000000 76.625000 82.250000 87.937500 93.750000 99.593750 105.43750 111.21875 22.286669
40.4000 -473513.94 -835.56250 -833.18750 -832.68750 -834.12500 -831.78125 -833.21875 -832.75000 -832.25000 -829.87500 -704.84375 -589.93750 -481.71875 -381.96875 -279.81250 -187.21875 -110.31250 -40.937500 14.062500 59.375000 91.906250 112.46875 119.87500 92.406250 73.093750 55.375000 39.812500 28.468750 19.562500 12.468750 7.1250000 3.3125000 0.90625000 -0.37500000 -0.65625000 0.0000000 1.2500000 3.0000000 5.1875000 7.5312500 10.187500 14.875000 15.750000 18.562500 21.375000 26.062500 26.875000 29.625000 32.750000 35.687500 39.000000 44.406250 47.468750 52.625000 59.750000 63.250000 68.812500 76.250000 80.000000 85.843750 91.625000 97.562500 103.50000 109.56250 115.43750 22.295748
40.6000 -473763.44 -846.59375 -844.71875 -844.00000 -844.43750 -842.56250 -843.00000 -842.25000 -841.56250 -839.68750 -712.84375 -597.68750 -489.12500 -390.78125 -288.25000 -195.84375 -117.46875 -47.750000 7.6250000 52.875000 86.375000 108.56250 117.87500 87.968750 66.875000 48.875000 34.281250 23.531250 15.156250 8.7187500 4.1562500 1.0000000 -0.71875000 -1.3750000 -1.1250000 0.0000000 1.6562500 3.8437500 6.4062500 9.0312500 12.031250 16.062500 17.875000 20.937500 23.875000 27.937500 29.593750 32.468750 35.750000 38.812500 42.093750 46.843750 50.781250 56.000000 62.531250 66.781250 72.312500 79.093750 83.718750 89.468750 95.343750 101.28125 107.15625 113.18750 119.09375 22.301035
40.8000 -473995.16 -855.21875 -852.12500 -850.84375 -851.31250 -848.28125 -848.71875 -847.46875 -846.12500 -843.09375 -717.40625 -600.75000 -493.03125 -393.12500 -290.46875 -198.81250 -120.68750 -51.093750 1.9062500 47.812500 80.375000 100.87500 107.93750 78.937500 59.312500 42.343750 27.968750 17.875000 10.437500 4.8125000 1.0000000 -1.4375000 -2.4375000 -2.4687500 -1.6250000 0.0000000 2.1250000 4.8125000 7.6875000 10.843750 14.062500 19.062500 20.531250 23.750000 26.937500 31.875000 33.062500 36.250000 39.500000 42.750000 46.250000 51.781250 55.375000 60.750000 68.125000 72.031250 77.812500 85.343750 89.562500 95.500000 101.56250 107.56250 113.68750 119.87500 125.93750 22.299803
41.0000 -473270.38 -821.06250 -819.15625 -818.62500 -819.40625 -817.53125 -818.34375 -817.75000 -817.25000 -815.34375 -688.75000 -572.12500 -463.62500 -364.18750 -260.87500 -168.50000 -89.968750 -21.062500 34.437500 80.625000 113.40625 134.96875 143.31250 112.00000 88.968750 68.531250 51.218750 37.843750 27.187500 18.375000 11.687500 6.6250000 3.2500000 1.0000000 -0.031250000 0.0000000 0.62500000 1.9687500 3.8125000 5.9375000 8.3437500 12.187500 13.500000 16.250000 19.000000 23.093750 24.406250 27.187500 30.281250 33.187500 36.500000 41.406250 45.125000 50.375000 57.062500 61.375000 66.906250 74.062500 78.562500 84.562500 90.625000 96.812500 103.00000 109.25000 115.37500 22.248947
41.2000 -473414.06 -693.43750 -692.21875 -691.93750 -692.65625 -691.40625 -692.09375 -691.84375 -691.56250 -690.34375 -565.46875 -450.03125 -343.18750 -245.09375 -143.40625 -52.250000 25.125000 92.625000 146.59375 191.93750 223.06250 243.56250 251.75000 181.43750 135.34375 99.750000 73.187500 52.937500 37.500000 25.375000 16.375000 9.5625000 4.9687500 2.0312500 0.43750000 0.0000000 0.40625000 1.6250000 3.3437500 5.4375000 7.8437500 11.343750 13.062500 15.781250 18.531250 22.250000 23.937500 26.750000 29.843750 32.843750 36.062500 40.593750 44.656250 49.937500 56.281250 60.812500 66.468750 73.093750 78.000000 83.906250 89.843750 95.875000 102.03125 108.28125 114.25000 22.252188
41.4000 -473411.78 -726.93750 -725.34375 -724.93750 -725.71875 -724.09375 -724.87500 -724.46875 -724.06250 -722.46875 -595.50000 -477.96875 -368.93750 -267.59375 -163.62500 -70.406250 8.7500000 79.687500 135.37500 182.96875 216.06250 237.96875 247.62500 183.59375 139.37500 103.84375 76.531250 55.687500 39.625000 26.937500 17.500000 10.281250 5.5312500 2.3437500 0.56250000 0.0000000 0.37500000 1.5312500 3.1875000 5.0937500 7.5000000 11.125000 12.531250 15.187500 17.906250 21.750000 23.187500 25.937500 28.906250 31.875000 35.031250 39.750000 43.468750 48.625000 55.093750 59.281250 64.812500 71.625000 76.093750 81.812500 87.625000 93.593750 99.593750 105.62500 111.50000 22.278543
41.6000 -472744.16 -856.18750 -853.87500 -853.62500 -855.46875 -853.15625 -854.96875 -854.75000 -854.50000 -852.18750 -726.78125 -611.18750 -502.28125 -403.53125 -300.75000 -207.71875 -130.56250 -60.906250 -7.6875000 39.093750 70.906250 92.281250 99.250000 77.062500 61.593750 46.718750 33.093750 23.375000 15.687500 9.6250000 5.0937500 1.8750000 -0.062500000 -0.87500000 -0.78125000 0.0000000 1.3750000 3.3125000 5.5937500 8.0000000 10.781250 15.593750 16.406250 19.187500 22.031250 26.875000 27.562500 30.312500 33.343750 36.281250 39.531250 45.093750 48.000000 53.062500 60.281250 63.687500 69.093750 76.625000 80.218750 85.906250 91.625000 97.500000 103.37500 109.31250 115.12500 22.270472
41.8000 -472295.72 266.56250 267.96875 268.12500 267.18750 268.56250 267.53125 267.78125 267.96875 269.37500 393.34375 507.09375 613.81250 711.18750 811.90625 903.03125 979.78125 1048.7500 1102.5625 1146.5312 1178.1875 1198.4688 1206.7188 456.93750 262.03125 169.09375 116.50000 81.593750 57.375000 39.343750 26.156250 16.312500 9.4375000 4.7187500 1.6250000 0.0000000 -0.56250000 -0.25000000 0.81250000 2.2187500 4.1562500 7.4687500 8.5000000 10.875000 13.375000 16.968750 18.250000 20.843750 23.687500 26.500000 29.562500 34.093750 37.687500 42.750000 49.156250 53.187500 58.687500 65.468750 70.000000 75.687500 81.593750 87.500000 93.593750 99.593750 105.62500 22.280964
42.0000 -473614.03 -606.93750 -605.18750 -604.62500 -605.40625 -603.62500 -604.34375 -603.84375 -603.28125 -601.56250 -477.43750 -363.65625 -257.15625 -159.78125 -60.031250 29.062500 105.21875 171.68750 223.84375 267.68750 296.96875 315.78125 320.93750 243.37500 190.15625 147.09375 113.59375 86.875000 65.750000 48.250000 34.406250 23.125000 14.656250 8.1875000 3.4375000 0.0000000 -1.9375000 -3.0000000 -3.2500000 -2.9375000 -2.0625000 0.34375000 0.50000000 2.1875000 3.8750000 6.9375000 7.6562500 9.5625000 11.875000 14.062500 16.687500 20.656250 23.625000 27.875000 33.531250 36.968750 41.718750 47.906250 51.781250 56.875000 62.281250 67.687500 73.062500 78.687500 84.125000 22.340307
42.2000 -473534.50 -652.00000 -650.37500 -649.90625 -650.62500 -649.00000 -649.71875 -649.25000 -648.78125 -647.12500 -521.34375 -406.53125 -299.21875 -202.21875 -100.25000 -9.2187500 66.968750 134.81250 187.59375 231.43750 263.68750 283.03125 289.62500 205.06250 151.62500 111.40625 81.718750 59.468750 42.718750 29.500000 19.531250 11.937500 6.7187500 3.1875000 1.0000000 0.0000000 -0.031250000 0.59375000 1.8437500 3.4062500 5.4687500 8.7187500 9.8437500 12.218750 14.593750 18.156250 19.343750 21.812500 24.531250 27.125000 30.156250 34.500000 37.906250 42.656250 48.718750 52.593750 57.718750 64.125000 68.281250 73.687500 79.250000 84.781250 90.375000 96.125000 101.71875 22.322796
42.4000 -473570.19 -715.87500 -713.46875 -712.09375 -711.68750 -709.28125 -708.90625 -707.46875 -706.09375 -703.68750 -577.37500 -461.40625 -353.12500 -253.56250 -149.81250 -57.750000 20.375000 89.312500 144.50000 190.15625 223.18750 244.90625 253.37500 182.00000 136.71875 102.00000 75.906250 55.968750 40.562500 28.187500 18.875000 11.656250 6.6250000 3.0625000 0.93750000 0.0000000 -0.12500000 0.56250000 1.8750000 3.5625000 5.5000000 8.6875000 10.031250 12.437500 14.843750 18.312500 19.781250 22.312500 25.125000 27.812500 30.937500 35.187500 38.906250 43.812500 49.875000 54.062500 59.312500 65.812500 70.312500 75.937500 81.656250 87.406250 93.375000 99.250000 105.06250 22.306524
42.6000 -473700.06 254.21875 255.65625 255.96875 255.18750 256.62500 255.81250 256.15625 256.46875 257.90625 383.53125 499.00000 607.84375 706.68750 809.15625 901.56250 979.53125 1047.4375 1102.1562 1146.3125 1180.0312 1200.2188 1208.1250 467.18750 269.96875 174.71875 120.56250 84.437500 59.437500 40.718750 27.125000 16.875000 9.8125000 4.8750000 1.7500000 0.0000000 -0.62500000 -0.37500000 0.62500000 2.0000000 3.9375000 7.0937500 8.1562500 10.562500 13.000000 16.593750 17.812500 20.406250 23.187500 25.937500 28.906250 33.406250 37.062500 42.000000 48.343750 52.437500 57.812500 64.468750 68.937500 74.593750 80.437500 86.343750 92.312500 98.312500 104.25000 22.289673
42.8000 -471587.66 -578.00000 -577.18750 -576.78125 -576.59375 -575.84375 -575.68750 -575.18750 -574.75000 -573.96875 -448.46875 -331.78125 -224.28125 -126.28125 -24.125000 65.781250 143.21875 210.43750 264.87500 308.56250 340.40625 359.84375 367.62500 256.37500 187.81250 138.18750 103.15625 76.125000 55.593750 39.343750 26.906250 17.187500 10.312500 5.3437500 1.9687500 0.0000000 -0.90625000 -0.96875000 -0.21875000 0.96875000 2.5937500 4.8437500 6.5625000 8.7500000 10.968750 13.625000 15.625000 18.031250 20.781250 23.343750 26.281250 29.812500 34.093750 38.968750 44.312500 49.093750 54.437500 60.187500 65.343750 70.968750 76.625000 82.531250 88.437500 94.375000 100.25000 22.342482
43.0000 -472679.31 -702.06250 -700.90625 -700.40625 -700.56250 -699.40625 -699.50000 -698.96875 -698.46875 -697.31250 -571.34375 -456.90625 -350.09375 -252.65625 -152.40625 -63.531250 12.687500 78.656250 131.18750 173.28125 202.21875 220.62500 226.31250 160.50000 119.15625 88.000000 65.000000 47.375000 33.781250 23.000000 14.937500 8.7812500 4.6250000 1.8750000 0.37500000 0.0000000 0.43750000 1.5000000 3.0937500 5.0000000 7.3125000 10.343750 12.250000 14.875000 17.375000 20.656250 22.468750 25.187500 28.156250 31.000000 34.156250 38.218750 42.406250 47.500000 53.375000 58.031250 63.625000 69.750000 74.812500 80.562500 86.375000 92.281250 98.375000 104.37500 110.31250 22.347164
43.2000 -471192.03 -649.43750 -648.31250 -648.06250 -648.78125 -647.62500 -648.31250 -648.12500 -647.90625 -646.75000 -520.06250 -403.59375 -294.21875 -194.28125 -91.093750 0.87500000 78.937500 147.18750 202.53125 247.68750 279.96875 300.84375 308.00000 232.75000 179.75000 137.06250 104.18750 78.187500 57.875000 41.375000 28.500000 18.343750 11.062500 5.8125000 2.1562500 0.0000000 -0.93750000 -1.0000000 -0.31250000 0.93750000 2.6250000 5.5000000 6.6250000 9.0000000 11.343750 14.718750 16.187500 18.687500 21.437500 24.250000 27.312500 31.593750 35.500000 40.593750 46.718750 51.125000 56.687500 63.343750 68.093750 73.906250 79.906250 86.000000 92.156250 98.343750 104.50000 22.353882
43.4000 -471093.12 -719.56250 -716.68750 -715.71875 -716.62500 -713.78125 -714.65625 -713.68750 -712.71875 -709.87500 -581.03125 -464.53125 -355.37500 -254.71875 -149.87500 -55.812500 22.750000 93.750000 149.90625 196.40625 230.00000 252.31250 261.06250 199.25000 155.96875 119.68750 90.468750 67.937500 50.187500 35.687500 24.437500 15.562500 9.1875000 4.6250000 1.7500000 0.0000000 -0.56250000 -0.31250000 0.62500000 2.0312500 3.9687500 7.9062500 8.3750000 10.750000 13.250000 17.687500 18.312500 20.906250 23.812500 26.718750 29.875000 35.156250 38.312500 43.437500 50.687500 54.312500 60.000000 67.625000 71.625000 77.593750 83.812500 89.937500 96.187500 102.53125 108.81250 22.318399
43.6000 -473546.44 -714.31250 -711.96875 -710.65625 -710.40625 -708.06250 -707.81250 -706.50000 -705.21875 -702.87500 -577.75000 -463.40625 -355.87500 -259.09375 -158.56250 -68.156250 8.8437500 75.968750 128.96875 172.00000 203.28125 221.75000 228.75000 177.43750 140.15625 108.68750 83.437500 63.250000 47.250000 33.937500 23.468750 15.125000 9.1250000 4.6875000 1.6875000 0.0000000 -0.62500000 -0.46875000 0.31250000 1.6250000 3.3437500 6.3125000 7.3750000 9.5312500 11.843750 15.250000 16.500000 18.968750 21.687500 24.437500 27.375000 31.625000 35.312500 40.187500 46.312500 50.437500 55.812500 62.437500 67.000000 72.718750 78.625000 84.437500 90.500000 96.562500 102.56250 22.261747
43.8000 -472596.44 -786.84375 -785.28125 -784.81250 -785.40625 -783.87500 -784.46875 -784.00000 -783.50000 -781.96875 -658.03125 -542.93750 -436.71875 -339.06250 -239.43750 -148.90625 -73.000000 -7.0000000 45.843750 87.875000 118.50000 136.81250 142.93750 111.56250 88.406250 67.968750 51.093750 37.750000 27.125000 18.500000 11.875000 6.8125000 3.3125000 1.1875000 0.15625000 0.0000000 0.68750000 1.8437500 3.5625000 5.5625000 7.9375000 11.500000 13.000000 15.625000 18.218750 21.843750 23.437500 26.062500 29.093750 31.906250 35.062500 39.468750 43.312500 48.375000 54.593750 58.843750 64.343750 70.906250 75.562500 81.281250 87.125000 93.000000 98.968750 105.00000 110.93750 22.261116
44.0000 -472773.44 -840.78125 -837.71875 -836.43750 -836.81250 -833.81250 -834.18750 -832.87500 -831.56250 -828.50000 -703.25000 -588.15625 -481.12500 -381.96875 -280.34375 -188.56250 -112.06250 -43.437500 10.406250 55.937500 87.500000 108.28125 114.81250 89.281250 71.000000 54.062500 39.125000 28.062500 19.281250 12.281250 7.0312500 3.2500000 0.84375000 -0.34375000 -0.62500000 0.0000000 1.2500000 3.1250000 5.3125000 7.7500000 10.562500 15.000000 16.187500 19.062500 21.937500 26.531250 27.625000 30.500000 33.656250 36.812500 40.125000 45.406250 48.875000 54.125000 61.343750 65.250000 70.937500 78.468750 82.687500 88.625000 94.718750 100.81250 106.96875 113.18750 119.37500 22.218925
44.2000 -473335.50 -870.62500 -869.18750 -868.87500 -869.62500 -868.15625 -868.93750 -868.56250 -868.21875 -866.81250 -741.84375 -627.78125 -519.46875 -420.46875 -317.50000 -226.59375 -148.56250 -80.656250 -26.437500 20.906250 52.937500 74.937500 83.375000 63.562500 49.062500 35.968750 24.625000 16.312500 9.8125000 4.8125000 1.2812500 -1.0000000 -2.0625000 -2.2500000 -1.5000000 0.0000000 1.9375000 4.4375000 7.2187500 10.125000 13.250000 17.531250 19.687500 22.750000 25.937500 30.093750 32.000000 35.031250 38.437500 41.625000 45.093750 50.031250 54.250000 59.781250 66.500000 71.125000 77.062500 84.031250 89.000000 95.062500 101.18750 107.43750 113.68750 120.03125 126.21875 22.252247
44.4000 -473196.88 -788.21875 -785.78125 -784.25000 -783.50000 -781.09375 -780.37500 -778.78125 -777.25000 -774.84375 -651.62500 -536.71875 -431.65625 -334.43750 -233.87500 -145.43750 -68.843750 -2.2812500 50.125000 93.468750 124.12500 142.93750 150.34375 118.31250 94.093750 72.718750 55.218750 41.031250 29.656250 20.406250 13.250000 7.7187500 3.9687500 1.5937500 0.31250000 0.0000000 0.53125000 1.7187500 3.4687500 5.4687500 7.9062500 11.218750 12.968750 15.593750 18.281250 21.843750 23.687500 26.343750 29.406250 32.343750 35.531250 39.937500 44.031250 49.250000 55.468750 60.093750 65.718750 72.312500 77.281250 83.250000 89.187500 95.281250 101.40625 107.65625 113.71875 22.241713
44.6000 -472983.16 -832.15625 -830.31250 -829.59375 -830.09375 -828.25000 -828.71875 -828.03125 -827.37500 -825.53125 -698.96875 -582.62500 -474.75000 -374.87500 -272.31250 -179.59375 -101.09375 -32.062500 23.937500 69.875000 103.59375 124.59375 133.43750 104.03125 82.281250 62.968750 46.781250 34.281250 24.187500 16.125000 10.000000 5.3125000 2.3125000 0.56250000 -0.18750000 0.0000000 0.93750000 2.5625000 4.5000000 6.6875000 9.3125000 13.125000 14.750000 17.593750 20.312500 24.250000 25.812500 28.656250 31.750000 34.750000 38.062500 42.750000 46.812500 52.093750 58.656250 63.062500 68.812500 75.750000 80.500000 86.468750 92.500000 98.687500 104.93750 111.12500 117.31250 22.182259
44.8000 -474086.59 -416.68750 -414.65625 -413.90625 -414.50000 -412.46875 -413.06250 -412.37500 -411.62500 -409.59375 -283.21875 -168.34375 -59.781250 38.562500 141.25000 232.81250 310.71875 379.90625 433.50000 478.15625 509.53125 530.78125 538.25000 303.18750 197.56250 133.93750 93.375000 65.375000 45.500000 30.562500 19.750000 11.750000 6.3750000 2.8750000 0.84375000 0.0000000 0.25000000 1.1875000 2.7187500 4.6250000 6.9375000 10.625000 11.875000 14.562500 17.187500 21.156250 22.500000 25.218750 28.218750 31.125000 34.312500 39.125000 42.718750 47.937500 54.562500 58.625000 64.187500 71.187500 75.562500 81.437500 87.375000 93.437500 99.500000 105.62500 111.62500 22.171680
45.0000 -473709.34 -576.03125 -574.03125 -573.15625 -573.53125 -571.43750 -571.81250 -570.93750 -570.12500 -568.09375 -443.62500 -328.62500 -221.43750 -122.53125 -21.062500 69.437500 146.56250 214.65625 267.71875 312.84375 345.00000 364.46875 371.75000 265.93750 199.75000 150.03125 113.31250 85.062500 63.312500 45.625000 31.937500 21.000000 12.968750 7.0000000 2.8125000 0.0000000 -1.4375000 -2.0000000 -1.7500000 -0.93750000 0.34375000 3.1875000 3.8125000 5.7500000 7.8750000 11.250000 12.250000 14.562500 17.187500 19.781250 22.625000 27.031250 30.437500 35.187500 41.406250 45.406250 50.781250 57.375000 61.812500 67.500000 73.375000 79.312500 85.312500 91.437500 97.437500 22.198980
45.2000 -473495.50 -730.75000 -728.62500 -727.56250 -727.37500 -725.31250 -725.15625 -724.06250 -722.90625 -720.84375 -595.75000 -481.62500 -373.90625 -275.71875 -174.71875 -84.437500 -6.3125000 61.343750 114.56250 158.46875 191.50000 211.15625 219.12500 169.43750 133.28125 102.87500 78.500000 59.062500 43.593750 30.906250 21.000000 13.250000 7.7500000 3.8125000 1.3125000 0.0000000 -0.25000000 0.25000000 1.4375000 2.9375000 4.8750000 8.1250000 9.3750000 11.843750 14.312500 17.812500 19.250000 21.875000 24.750000 27.562500 30.625000 35.062500 38.937500 44.000000 50.250000 54.562500 60.125000 66.750000 71.531250 77.375000 83.343750 89.375000 95.500000 101.71875 107.81250 22.301048
45.4000 -474442.25 -725.56250 -724.12500 -723.87500 -724.75000 -723.34375 -724.21875 -723.96875 -723.68750 -722.28125 -598.21875 -485.34375 -378.46875 -280.78125 -179.71875 -88.750000 -11.468750 56.375000 110.90625 156.37500 189.12500 210.06250 218.93750 166.75000 130.06250 99.593750 75.375000 56.437500 41.437500 29.250000 19.687500 12.250000 7.0000000 3.4375000 1.1250000 0.0000000 -0.062500000 0.56250000 1.8125000 3.4375000 5.5000000 8.8750000 10.062500 12.625000 15.125000 18.843750 20.250000 22.875000 25.812500 28.687500 31.812500 36.406250 40.250000 45.375000 51.843750 56.187500 61.750000 68.656250 73.375000 79.375000 85.375000 91.625000 97.812500 104.12500 110.31250 22.185261
45.6000 -473962.56 -784.84375 -783.56250 -783.46875 -784.50000 -783.28125 -784.34375 -784.25000 -784.12500 -782.87500 -657.34375 -541.18750 -433.15625 -334.43750 -232.00000 -140.31250 -62.375000 4.2812500 58.093750 102.28125 134.31250 153.34375 159.75000 123.25000 96.750000 74.031250 55.375000 40.906250 29.312500 20.000000 12.812500 7.3750000 3.7187500 1.3750000 0.18750000 0.0000000 0.53125000 1.7812500 3.5625000 5.5625000 8.0000000 11.718750 13.187500 15.843750 18.562500 22.406250 23.937500 26.687500 29.750000 32.687500 35.875000 40.531250 44.406250 49.656250 56.125000 60.468750 66.062500 73.031250 77.625000 83.562500 89.500000 95.625000 101.75000 107.96875 114.06250 22.347021
45.8000 -473205.31 -703.50000 -701.62500 -700.59375 -700.31250 -698.43750 -698.18750 -697.12500 -696.09375 -694.18750 -567.84375 -451.43750 -342.34375 -242.68750 -140.84375 -47.437500 31.437500 100.15625 156.50000 201.90625 235.12500 257.28125 266.28125 208.62500 165.78125 129.65625 101.00000 77.406250 58.437500 42.656250 30.062500 19.875000 12.312500 6.6250000 2.6250000 0.0000000 -1.4375000 -1.9375000 -1.5625000 -0.75000000 0.53125000 2.9062500 4.0312500 6.0000000 8.1875000 11.093750 12.593750 14.937500 17.531250 20.093750 23.000000 26.968750 30.875000 35.625000 41.437500 45.812500 51.187500 57.468750 62.312500 68.000000 73.937500 79.937500 85.968750 92.062500 98.125000 22.347376
46.0000 -473999.25 -750.28125 -748.31250 -747.46875 -747.78125 -745.81250 -746.09375 -745.25000 -744.43750 -742.46875 -618.31250 -503.65625 -397.12500 -299.09375 -198.34375 -108.06250 -31.531250 36.281250 89.187500 132.87500 164.56250 184.25000 191.59375 145.78125 113.06250 85.718750 63.843750 46.875000 33.562500 22.875000 14.812500 8.6250000 4.4375000 1.7187500 0.34375000 0.0000000 0.50000000 1.7187500 3.3750000 5.4062500 7.8125000 11.437500 12.875000 15.656250 18.312500 22.218750 23.687500 26.500000 29.500000 32.437500 35.687500 40.343750 44.187500 49.375000 55.812500 60.093750 65.687500 72.468750 77.062500 83.000000 88.937500 95.000000 101.00000 107.12500 113.18750 22.169109
46.2000 -474178.12 -839.06250 -837.65625 -837.37500 -838.18750 -836.78125 -837.62500 -837.31250 -837.03125 -835.65625 -711.50000 -597.15625 -491.18750 -392.68750 -291.28125 -201.90625 -124.56250 -57.312500 -4.1562500 40.281250 72.687500 92.625000 99.562500 76.343750 59.468750 44.312500 31.437500 21.875000 14.343750 8.4375000 4.0000000 1.0937500 -0.59375000 -1.2500000 -1.0312500 0.0000000 1.5000000 3.5625000 6.0625000 8.5937500 11.437500 15.500000 17.250000 20.125000 23.031250 27.000000 28.656250 31.500000 34.562500 37.687500 40.937500 45.562500 49.562500 54.687500 61.187500 65.406250 71.000000 77.687500 82.250000 88.000000 93.843750 99.750000 105.68750 111.68750 117.56250 22.170231
46.4000 -473618.97 -838.28125 -835.93750 -835.37500 -836.59375 -834.28125 -835.50000 -834.93750 -834.37500 -832.03125 -707.06250 -592.84375 -485.62500 -387.12500 -284.78125 -193.43750 -117.12500 -49.031250 3.5312500 49.000000 80.375000 100.25000 106.46875 82.468750 65.406250 49.531250 35.343750 25.031250 16.937500 10.500000 5.6562500 2.2187500 0.25000000 -0.81250000 -0.81250000 0.0000000 1.3125000 3.2187500 5.5625000 8.0000000 10.812500 15.406250 16.500000 19.375000 22.250000 26.781250 27.781250 30.687500 33.812500 36.812500 40.062500 45.406250 48.750000 54.000000 61.125000 64.781250 70.312500 77.843750 81.812500 87.625000 93.500000 99.437500 105.53125 111.53125 117.50000 22.180710
46.6000 -474364.06 -823.71875 -822.37500 -821.90625 -822.28125 -820.93750 -821.28125 -820.81250 -820.34375 -819.00000 -693.31250 -578.93750 -473.15625 -376.62500 -276.43750 -187.21875 -110.90625 -44.812500 7.5937500 50.156250 80.187500 98.875000 105.00000 78.093750 59.000000 42.875000 29.875000 20.000000 12.500000 6.6875000 2.6250000 -0.12500000 -1.5625000 -1.8125000 -1.3125000 0.0000000 1.8750000 4.2500000 6.8750000 9.6875000 12.781250 16.687500 18.968750 22.062500 25.062500 28.968750 31.000000 34.031250 37.312500 40.375000 43.843750 48.437500 52.750000 58.125000 64.500000 69.187500 74.906250 81.500000 86.500000 92.437500 98.500000 104.53125 110.62500 116.81250 122.87500 22.310894
46.8000 -473684.72 -589.59375 -588.31250 -587.75000 -587.96875 -586.68750 -586.96875 -586.46875 -585.90625 -584.59375 -460.18750 -344.75000 -237.34375 -139.37500 -38.093750 52.968750 130.90625 198.65625 252.96875 298.09375 331.62500 352.50000 361.25000 248.71875 184.09375 137.53125 103.90625 78.000000 57.906250 41.687500 29.093750 19.062500 11.750000 6.2812500 2.4687500 0.0000000 -1.2187500 -1.5312500 -1.1562500 -0.34375000 1.0312500 3.4062500 4.5312500 6.5625000 8.5937500 11.531250 12.968750 15.218750 17.718750 20.281250 23.062500 26.906250 30.625000 35.312500 40.906250 45.156250 50.343750 56.281250 61.031250 66.468750 72.125000 77.843750 83.718750 89.500000 95.281250 22.371576
47.0000 -474672.75 -792.31250 -790.59375 -790.09375 -791.00000 -789.21875 -790.06250 -789.62500 -789.18750 -787.40625 -659.84375 -543.09375 -433.03125 -332.00000 -228.03125 -133.59375 -54.500000 15.468750 72.281250 119.25000 153.37500 175.68750 185.00000 144.21875 114.31250 88.375000 67.000000 50.187500 36.687500 25.625000 17.125000 10.500000 5.8125000 2.6250000 0.75000000 0.0000000 0.12500000 1.0000000 2.5000000 4.2500000 6.4375000 10.062500 11.218750 13.875000 16.500000 20.375000 21.750000 24.437500 27.437500 30.343750 33.531250 38.312500 42.000000 47.218750 53.781250 58.062500 63.687500 70.750000 75.375000 81.343750 87.375000 93.500000 99.812500 106.03125 112.25000 22.366278
47.2000 -473018.53 -707.84375 -706.12500 -705.28125 -705.31250 -703.56250 -703.59375 -702.75000 -701.90625 -700.18750 -574.00000 -456.96875 -347.31250 -247.31250 -144.09375 -52.031250 26.843750 95.562500 151.43750 197.15625 230.12500 251.50000 260.43750 193.62500 147.90625 111.65625 84.000000 62.250000 45.406250 31.843750 21.500000 13.375000 7.6250000 3.6875000 1.2187500 0.0000000 -0.25000000 0.37500000 1.5625000 3.2500000 5.3125000 8.3437500 9.8750000 12.375000 14.875000 18.343750 20.000000 22.625000 25.625000 28.406250 31.625000 35.906250 40.000000 45.000000 51.156250 55.781250 61.343750 67.843750 72.812500 78.718750 84.687500 90.750000 96.843750 103.03125 109.15625 22.227186
47.4000 -472996.09 -645.40625 -643.40625 -643.09375 -644.40625 -642.43750 -643.78125 -643.46875 -643.15625 -641.15625 -514.31250 -399.31250 -290.71875 -191.68750 -89.406250 3.0625000 79.593750 149.09375 202.75000 248.06250 280.06250 299.84375 307.15625 234.96875 184.28125 142.37500 108.96875 82.906250 62.156250 45.093750 31.718750 20.937500 12.906250 7.0312500 2.8125000 0.0000000 -1.5625000 -2.0937500 -1.8750000 -1.0937500 0.15625000 3.4375000 3.5312500 5.5625000 7.5937500 11.437500 12.000000 14.343750 16.906250 19.531250 22.343750 27.093750 29.968750 34.750000 41.343750 44.843750 50.062500 57.187500 61.062500 66.781250 72.562500 78.406250 84.312500 90.343750 96.375000 22.226763
47.6000 -475108.81 -761.81250 -759.59375 -758.56250 -758.78125 -756.53125 -756.75000 -755.75000 -754.71875 -752.50000 -629.65625 -516.84375 -411.71875 -316.37500 -216.50000 -128.34375 -53.406250 11.375000 62.156250 103.96875 133.31250 150.12500 154.53125 118.96875 93.281250 71.062500 52.718750 38.531250 27.406250 18.468750 11.625000 6.4375000 3.0312500 0.96875000 -0.031250000 0.0000000 0.65625000 1.9687500 3.8750000 5.9687500 8.3437500 12.156250 13.562500 16.218750 18.843750 22.750000 24.156250 26.843750 29.843750 32.718750 35.843750 40.625000 44.281250 49.281250 55.750000 59.843750 65.343750 72.093750 76.468750 82.156250 88.000000 93.906250 99.843750 105.84375 111.71875 22.133640
47.8000 -474932.41 -805.50000 -802.59375 -801.68750 -802.62500 -799.84375 -800.78125 -799.87500 -798.93750 -796.12500 -671.06250 -556.12500 -449.03125 -350.84375 -248.59375 -157.21875 -80.531250 -11.843750 40.968750 86.437500 117.90625 138.15625 145.09375 111.96875 88.625000 67.812500 49.843750 36.406250 25.906250 17.406250 10.937500 6.0937500 2.8437500 0.84375000 0.0000000 0.0000000 0.78125000 2.1562500 4.0312500 6.2187500 8.5937500 13.000000 13.687500 16.375000 19.125000 23.656250 24.281250 27.062500 30.093750 32.906250 36.031250 41.406250 44.312500 49.281250 56.500000 59.906250 65.312500 72.656250 76.406250 82.093750 87.843750 93.718750 99.687500 105.53125 111.40625 22.114843
48.0000 -474270.44 -717.84375 -716.00000 -715.81250 -717.09375 -715.28125 -716.56250 -716.31250 -716.09375 -714.25000 -589.87500 -476.15625 -368.90625 -270.62500 -169.46875 -78.812500 -2.5937500 65.750000 117.68750 161.96875 192.93750 212.28125 218.28125 166.90625 130.37500 99.375000 74.375000 55.125000 39.968750 27.812500 18.500000 11.250000 6.2812500 2.9062500 0.87500000 0.0000000 0.031250000 0.78125000 2.1875000 3.9062500 6.0937500 9.8437500 10.750000 13.187500 15.656250 19.750000 20.718750 23.281250 26.187500 28.968750 31.968750 36.812500 40.093750 45.093750 51.656250 55.406250 60.718750 67.656250 71.718750 77.375000 83.031250 88.781250 94.656250 100.53125 106.28125 22.104078
48.2000 -473342.69 -751.40625 -750.90625 -750.18750 -749.31250 -748.78125 -747.87500 -747.18750 -746.46875 -745.96875 -618.03125 -499.28125 -389.75000 -288.62500 -183.53125 -90.750000 -10.031250 59.375000 117.18750 162.84375 197.25000 219.21875 230.37500 168.53125 126.09375 93.718750 70.281250 51.343750 36.812500 25.250000 16.437500 9.8125000 5.2500000 2.2500000 0.56250000 0.0000000 0.34375000 1.3750000 3.0625000 5.0000000 7.3125000 9.4687500 12.250000 14.843750 17.500000 19.875000 22.687500 25.437500 28.375000 31.312500 34.500000 37.750000 42.937500 48.062500 53.093750 58.687500 64.250000 69.718750 75.687500 81.562500 87.437500 93.468750 99.500000 105.68750 111.68750 22.295568
48.4000 -473090.62 -764.75000 -762.75000 -762.28125 -763.28125 -761.31250 -762.31250 -761.81250 -761.31250 -759.28125 -633.81250 -519.56250 -411.93750 -314.50000 -213.56250 -121.81250 -45.375000 22.531250 76.156250 120.65625 151.90625 172.68750 179.28125 136.09375 105.50000 79.531250 58.437500 42.375000 29.843750 19.875000 12.343750 6.7500000 3.0625000 0.90625000 -0.12500000 0.0000000 0.84375000 2.3125000 4.3750000 6.6250000 9.2812500 13.437500 14.875000 17.687500 20.625000 24.843750 26.156250 29.125000 32.250000 35.312500 38.750000 43.750000 47.500000 52.843750 59.812500 63.968750 69.718750 76.937500 81.531250 87.500000 93.531250 99.750000 106.00000 112.21875 118.37500 22.291590
48.6000 -474032.12 -683.28125 -681.59375 -681.06250 -681.62500 -679.93750 -680.53125 -680.00000 -679.43750 -677.75000 -554.84375 -441.59375 -335.34375 -238.78125 -139.06250 -49.968750 26.250000 91.187500 143.75000 186.25000 217.12500 234.09375 240.15625 171.96875 127.31250 92.875000 67.000000 47.625000 32.968750 21.562500 13.187500 7.0937500 3.1562500 0.84375000 -0.093750000 0.0000000 0.84375000 2.5937500 4.8750000 7.3437500 10.187500 14.187500 16.093750 19.156250 22.187500 26.281250 28.218750 31.218750 34.656250 37.906250 41.406250 46.343750 50.781250 56.406250 63.312500 68.218750 74.218750 81.468750 86.531250 92.843750 99.156250 105.71875 112.21875 118.78125 125.25000 22.287720
48.8000 -474383.84 -846.87500 -845.50000 -845.21875 -846.06250 -844.68750 -845.53125 -845.25000 -845.00000 -843.56250 -717.50000 -602.37500 -494.50000 -396.18750 -292.93750 -201.84375 -123.65625 -54.593750 0.40625000 46.093750 78.406250 100.18750 108.71875 81.875000 62.562500 45.687500 31.812500 21.500000 13.375000 7.2187500 2.8750000 -0.12500000 -1.5625000 -1.9375000 -1.4062500 0.0000000 2.0625000 4.5625000 7.4375000 10.500000 13.812500 18.281250 20.437500 23.812500 27.093750 31.500000 33.531250 36.750000 40.375000 43.750000 47.437500 52.562500 57.187500 63.000000 70.125000 75.000000 81.218750 88.687500 93.875000 100.31250 106.90625 113.37500 120.06250 126.68750 133.31250 22.282400
49.0000 -472968.66 -364.75000 -362.21875 -361.12500 -361.46875 -358.96875 -359.28125 -358.18750 -357.06250 -354.56250 -228.34375 -113.12500 -5.1875000 94.468750 196.56250 287.43750 365.37500 433.53125 487.87500 533.03125 564.81250 585.56250 592.56250 377.25000 264.28125 188.56250 137.00000 99.375000 71.531250 50.062500 34.000000 21.593750 12.906250 6.6875000 2.5000000 0.0000000 -1.0937500 -1.1250000 -0.31250000 1.0000000 2.8125000 6.3750000 7.2812500 9.8125000 12.375000 16.375000 17.625000 20.312500 23.375000 26.281250 29.562500 34.625000 38.312500 43.656250 50.687500 54.937500 60.812500 68.187500 72.875000 79.125000 85.406250 91.750000 98.187500 104.75000 111.18750 22.295961
49.2000 -473030.78 -463.12500 -462.00000 -461.81250 -462.46875 -461.37500 -462.03125 -461.78125 -461.62500 -460.50000 -333.12500 -216.15625 -106.90625 -6.3750000 96.718750 190.50000 270.03125 339.78125 396.31250 442.40625 476.31250 497.93750 508.18750 347.71875 254.68750 188.37500 141.43750 105.50000 78.125000 56.250000 39.500000 26.125000 16.312500 8.9375000 3.6875000 0.0000000 -2.1250000 -3.1875000 -3.3437500 -2.8125000 -1.8125000 0.37500000 1.2500000 3.0625000 5.1250000 8.0625000 9.2812500 11.531250 14.062500 16.562500 19.375000 23.312500 27.000000 31.750000 37.531250 41.750000 47.000000 53.250000 57.875000 63.625000 69.375000 75.187500 81.156250 87.187500 93.156250 22.198324
49.4000 -473357.47 -681.93750 -680.34375 -680.12500 -681.34375 -679.75000 -680.96875 -680.78125 -680.56250 -678.96875 -551.81250 -434.62500 -324.65625 -224.06250 -120.65625 -26.843750 52.468750 123.62500 180.62500 228.12500 261.50000 284.87500 294.84375 224.50000 175.46875 135.15625 103.34375 78.343750 58.468750 42.187500 29.468750 19.281250 11.750000 6.3437500 2.4062500 0.0000000 -1.1562500 -1.4687500 -1.0312500 -0.062500000 1.5000000 4.5937500 5.2187500 7.3437500 9.6250000 13.281250 14.250000 16.593750 19.343750 22.031250 24.906250 29.562500 32.843750 37.781250 44.281250 48.156250 53.625000 60.562500 64.906250 70.656250 76.593750 82.531250 88.625000 94.781250 100.84375 22.202379
49.6000 -473290.66 -848.81250 -847.93750 -847.56250 -847.75000 -846.87500 -847.03125 -846.65625 -846.31250 -845.40625 -718.40625 -601.31250 -492.93750 -392.21875 -288.81250 -195.62500 -116.25000 -47.500000 9.1250000 55.000000 89.250000 111.75000 121.87500 95.281250 74.875000 57.156250 42.781250 31.062500 21.812500 14.375000 8.6875000 4.5000000 1.8125000 0.25000000 -0.31250000 0.0000000 0.96875000 2.5625000 4.5625000 6.7500000 9.2500000 12.406250 14.500000 17.187500 19.937500 23.125000 25.218750 27.937500 30.875000 33.812500 36.937500 40.875000 45.250000 50.250000 55.937500 60.656250 66.062500 72.062500 77.156250 82.750000 88.500000 94.250000 100.18750 106.00000 111.81250 22.258974
49.8000 -472958.50 -695.93750 -694.50000 -694.06250 -694.59375 -693.15625 -693.71875 -693.28125 -692.81250 -691.37500 -564.81250 -448.43750 -339.59375 -241.46875 -139.50000 -47.843750 30.843750 98.687500 153.34375 198.00000 230.31250 250.31250 257.53125 189.43750 143.65625 107.53125 80.093750 58.875000 42.500000 29.562500 19.531250 11.937500 6.6875000 3.0625000 0.90625000 0.0000000 0.0000000 0.75000000 2.0625000 3.8750000 5.9375000 9.2812500 10.625000 13.125000 15.687500 19.250000 20.750000 23.437500 26.312500 29.125000 32.312500 36.718750 40.562500 45.562500 51.750000 56.062500 61.500000 68.093750 72.625000 78.375000 84.218750 90.062500 96.062500 102.03125 107.93750 22.224051
50.0000 -472036.00 -791.75000 -789.56250 -788.62500 -788.96875 -786.78125 -787.12500 -786.18750 -785.25000 -783.00000 -655.34375 -539.25000 -431.03125 -329.93750 -226.12500 -134.18750 -55.250000 14.125000 70.593750 116.53125 149.96875 172.56250 181.34375 139.21875 109.15625 83.343750 62.281250 46.000000 33.093750 22.656250 14.718750 8.6250000 4.4687500 1.7812500 0.37500000 0.0000000 0.53125000 1.7187500 3.4687500 5.5312500 8.0625000 11.875000 13.343750 16.156250 18.906250 23.031250 24.500000 27.406250 30.531250 33.593750 36.937500 41.906250 45.843750 51.218750 58.218750 62.625000 68.437500 75.718750 80.468750 86.656250 92.843750 99.218750 105.62500 112.09375 118.46875 22.271254
50.2000 -474334.81 -825.71875 -824.43750 -824.21875 -825.09375 -823.81250 -824.65625 -824.43750 -824.25000 -822.93750 -699.40625 -583.90625 -476.18750 -377.81250 -276.00000 -185.06250 -107.31250 -39.718750 14.531250 59.812500 92.281250 113.62500 121.25000 95.312500 75.875000 58.343750 43.406250 31.718750 22.406250 14.812500 9.0625000 4.6875000 1.9687500 0.31250000 -0.31250000 0.0000000 0.93750000 2.5937500 4.6250000 6.8125000 9.4062500 13.125000 14.812500 17.625000 20.437500 24.312500 26.000000 28.812500 31.937500 34.875000 38.187500 42.843750 46.875000 52.187500 58.750000 63.156250 68.875000 75.625000 80.468750 86.468750 92.437500 98.625000 104.87500 111.00000 117.21875 22.255360
50.4000 -473511.78 -830.31250 -829.50000 -829.34375 -829.71875 -828.87500 -829.31250 -829.09375 -828.90625 -828.12500 -703.81250 -589.65625 -482.15625 -384.93750 -282.09375 -190.84375 -112.90625 -45.531250 8.7812500 53.906250 86.562500 106.84375 116.59375 91.281250 71.937500 55.031250 41.156250 30.031250 21.187500 13.906250 8.4062500 4.3437500 1.7500000 0.21875000 -0.28125000 0.0000000 0.90625000 2.5000000 4.4062500 6.5937500 9.0937500 12.250000 14.218750 16.968750 19.656250 22.875000 24.906250 27.562500 30.531250 33.437500 36.531250 40.593750 44.843750 49.937500 55.718750 60.406250 65.843750 71.968750 76.906250 82.593750 88.375000 94.218750 100.06250 106.03125 111.90625 22.229076
50.6000 -472056.91 -567.46875 -565.65625 -565.28125 -566.40625 -564.59375 -565.71875 -565.34375 -565.00000 -563.18750 -434.75000 -316.96875 -206.15625 -104.93750 0.81250000 96.218750 175.90625 248.25000 305.40625 353.46875 388.81250 412.37500 422.96875 312.84375 240.12500 183.50000 140.53125 107.03125 80.625000 59.093750 42.000000 28.250000 17.937500 10.093750 4.1250000 0.0000000 -2.5312500 -4.0312500 -4.5937500 -4.3437500 -3.5625000 -0.87500000 -0.84375000 0.84375000 2.6562500 6.1250000 6.6875000 8.8750000 11.343750 13.781250 16.593750 21.062500 24.156250 28.906250 35.281250 38.968750 44.312500 51.250000 55.343750 61.218750 67.093750 73.093750 79.187500 85.406250 91.468750 22.252466
50.8000 -473647.44 -794.50000 -793.12500 -792.34375 -792.25000 -790.84375 -790.71875 -789.96875 -789.25000 -787.78125 -659.34375 -540.46875 -431.21875 -330.59375 -226.59375 -133.43750 -53.656250 16.500000 73.656250 119.46875 153.00000 175.31250 184.96875 144.31250 113.71875 87.593750 66.687500 49.750000 36.375000 25.312500 16.812500 10.250000 5.6250000 2.5625000 0.75000000 0.0000000 0.25000000 1.1250000 2.4687500 4.3125000 6.4687500 9.4687500 11.250000 13.750000 16.312500 19.531250 21.375000 24.062500 26.937500 29.750000 32.875000 36.906250 41.062500 46.093750 51.937500 56.593750 62.031250 68.281250 73.187500 78.937500 84.750000 90.625000 96.625000 102.59375 108.56250 22.259012
51.0000 -472802.31 -764.12500 -762.90625 -762.59375 -763.12500 -761.90625 -762.46875 -762.12500 -761.78125 -760.59375 -633.56250 -516.28125 -406.96875 -308.06250 -205.90625 -111.56250 -32.750000 37.312500 92.906250 139.15625 172.78125 195.21875 204.59375 159.59375 126.28125 97.906250 75.093750 56.656250 41.968750 29.843750 20.375000 12.875000 7.5312500 3.7500000 1.3437500 0.0000000 -0.21875000 0.15625000 1.1875000 2.6562500 4.4687500 7.4062500 8.7187500 11.031250 13.406250 16.656250 18.156250 20.656250 23.406250 26.093750 29.031250 33.062500 36.906250 41.687500 47.531250 51.875000 57.093750 63.343750 68.000000 73.593750 79.218750 85.031250 90.843750 96.718750 102.50000 22.262671
51.2000 -472367.34 -117.40625 -116.56250 -116.21875 -116.40625 -115.53125 -115.75000 -115.37500 -115.06250 -114.18750 11.250000 126.25000 233.25000 331.09375 432.65625 523.25000 600.65625 668.06250 722.96875 767.15625 799.31250 819.65625 828.37500 408.03125 260.43750 178.87500 128.93750 93.312500 67.500000 47.625000 32.687500 21.156250 12.843750 6.8125000 2.6875000 0.0000000 -1.2500000 -1.6250000 -1.1875000 -0.18750000 1.2500000 3.5625000 4.9375000 7.0937500 9.3437500 12.156250 13.875000 16.343750 19.031250 21.656250 24.593750 28.406250 32.500000 37.312500 43.000000 47.687500 53.000000 59.062500 64.187500 69.843750 75.687500 81.656250 87.625000 93.750000 99.750000 22.294565
51.4000 -471725.16 -784.15625 -782.25000 -781.93750 -783.25000 -781.34375 -782.65625 -782.34375 -782.03125 -780.15625 -653.25000 -537.00000 -428.40625 -327.93750 -224.93750 -131.40625 -52.187500 19.031250 73.875000 121.00000 155.37500 178.12500 187.43750 144.59375 114.03125 87.750000 65.875000 49.187500 35.937500 25.093750 16.687500 10.125000 5.6875000 2.6250000 0.81250000 0.0000000 0.25000000 1.1250000 2.5625000 4.4375000 6.5625000 10.562500 11.437500 14.000000 16.562500 20.875000 21.812500 24.437500 27.406250 30.312500 33.562500 38.625000 41.937500 47.093750 54.062500 58.000000 63.500000 70.875000 75.000000 81.000000 86.937500 93.125000 99.312500 105.56250 111.68750 22.307676
51.6000 -474301.03 1816.4688 1817.5938 1817.8750 1817.2500 1818.3750 1817.7812 1818.0625 1818.3125 1819.4688 1942.1875 2054.4375 2159.0000 2255.4062 2354.5625 2441.9062 2517.0625 2581.8750 2633.3125 2675.7500 2705.6875 2724.3125 2729.5625 791.87500 440.06250 285.81250 201.09375 144.06250 104.18750 73.937500 51.500000 34.000000 21.375000 11.875000 4.9375000 0.0000000 -2.9375000 -4.6875000 -5.3750000 -5.2500000 -4.5000000 -2.4375000 -1.8125000 -0.12500000 1.8750000 4.8437500 6.0312500 8.2500000 10.750000 13.250000 16.125000 20.250000 23.906250 28.750000 34.687500 38.968750 44.375000 50.937500 55.781250 61.625000 67.500000 73.625000 79.906250 86.125000 92.312500 22.140228
51.8000 -473522.97 -709.87500 -708.40625 -708.00000 -708.78125 -707.31250 -708.09375 -707.71875 -707.37500 -705.84375 -579.50000 -464.78125 -357.09375 -258.65625 -156.75000 -65.906250 11.812500 79.500000 134.06250 179.12500 211.18750 232.06250 239.50000 190.28125 153.06250 120.62500 93.812500 72.093750 54.406250 39.625000 27.906250 18.312500 11.281250 6.0000000 2.3750000 0.0000000 -1.1250000 -1.3125000 -0.81250000 0.21875000 1.8125000 4.7500000 5.5625000 7.7500000 10.000000 13.500000 14.687500 17.062500 19.843750 22.562500 25.500000 30.062500 33.656250 38.656250 45.031250 49.218750 54.750000 61.562500 66.125000 72.125000 78.062500 84.281250 90.437500 96.718750 102.90625 22.156160
52.0000 -472547.66 -699.25000 -697.15625 -696.40625 -697.06250 -694.96875 -695.62500 -694.90625 -694.18750 -692.09375 -568.40625 -453.12500 -345.84375 -247.81250 -146.00000 -54.406250 23.250000 92.000000 146.43750 192.12500 225.03125 246.50000 255.21875 195.81250 153.25000 117.68750 89.343750 67.000000 49.375000 34.937500 23.812500 15.062500 8.8125000 4.3750000 1.5000000 0.0000000 -0.50000000 -0.062500000 1.0625000 2.5625000 4.5000000 7.9375000 9.0312500 11.500000 14.000000 17.812500 19.031250 21.687500 24.562500 27.437500 30.593750 35.375000 39.062500 44.156250 50.750000 54.875000 60.437500 67.437500 72.000000 77.875000 83.937500 90.031250 96.187500 102.37500 108.53125 22.321020
52.2000 -472975.66 -901.34375 -899.87500 -899.71875 -900.78125 -899.31250 -900.37500 -900.18750 -900.03125 -898.53125 -773.00000 -657.59375 -550.15625 -450.78125 -348.56250 -257.46875 -180.50000 -111.90625 -58.125000 -12.656250 18.312500 38.500000 45.281250 31.968750 23.000000 14.625000 7.0312500 2.0625000 -1.4687500 -4.0000000 -5.3750000 -5.7500000 -5.2812500 -4.0937500 -2.3437500 0.0000000 2.7187500 5.5937500 8.8125000 12.031250 15.531250 20.093750 22.156250 25.375000 28.593750 32.968750 34.625000 37.750000 40.968750 44.218750 47.593750 52.625000 56.531250 61.906250 68.593750 72.812500 78.468750 85.406250 89.843750 95.593750 101.40625 107.28125 113.21875 119.21875 125.06250 22.278929
52.4000 -473328.53 -801.43750 -799.96875 -799.37500 -799.75000 -798.25000 -798.65625 -798.09375 -797.56250 -796.06250 -670.03125 -553.31250 -444.65625 -345.37500 -242.06250 -150.75000 -71.531250 -2.8750000 51.906250 98.218750 132.06250 152.78125 162.15625 124.43750 97.031250 73.656250 54.906250 40.312500 28.687500 19.437500 12.437500 7.0625000 3.5000000 1.2500000 0.18750000 0.0000000 0.68750000 2.0000000 3.7500000 5.7500000 8.1250000 11.531250 13.031250 15.750000 18.312500 21.906250 23.593750 26.156250 29.062500 31.875000 34.968750 39.281250 43.156250 48.125000 54.156250 58.437500 63.812500 70.281250 74.843750 80.500000 86.187500 91.875000 97.781250 103.59375 109.40625 22.260174
52.6000 -474088.22 -707.50000 -705.34375 -704.56250 -705.15625 -703.03125 -703.56250 -702.81250 -702.03125 -699.90625 -576.93750 -464.75000 -359.78125 -264.15625 -164.00000 -75.687500 -0.90625000 65.281250 116.68750 161.78125 192.43750 212.31250 218.56250 172.81250 138.65625 108.59375 83.750000 63.937500 47.906250 34.562500 24.000000 15.500000 9.3750000 4.8125000 1.7812500 0.0000000 -0.68750000 -0.62500000 0.18750000 1.5000000 3.2500000 6.4687500 7.2500000 9.5625000 11.875000 15.562500 16.562500 19.031250 21.812500 24.500000 27.500000 32.093750 35.500000 40.500000 46.968750 50.875000 56.250000 63.218750 67.593750 73.375000 79.250000 85.250000 91.312500 97.437500 103.43750 22.223421
52.8000 -472668.53 -509.84375 -508.18750 -507.15625 -506.68750 -505.06250 -504.62500 -503.59375 -502.56250 -500.90625 -376.43750 -262.00000 -155.21875 -56.343750 44.468750 133.84375 211.59375 278.34375 332.00000 375.53125 407.12500 427.00000 434.56250 320.40625 243.06250 183.40625 139.37500 104.75000 77.812500 56.125000 39.281250 25.937500 16.250000 8.8125000 3.6250000 0.0000000 -2.0625000 -3.0625000 -3.1250000 -2.5625000 -1.4375000 0.50000000 1.7500000 3.6250000 5.6562500 8.3125000 9.9375000 12.187500 14.750000 17.281250 20.062500 23.750000 27.687500 32.468750 38.000000 42.531250 47.718750 53.718750 58.750000 64.312500 70.000000 75.906250 81.875000 87.843750 93.750000 22.344028
53.0000 -472786.00 -538.93750 -536.21875 -535.15625 -535.93750 -533.18750 -533.93750 -532.90625 -531.90625 -529.18750 -402.56250 -286.43750 -178.37500 -79.312500 24.031250 116.62500 194.09375 263.53125 318.37500 364.46875 397.59375 418.78125 426.78125 293.28125 218.40625 164.12500 124.18750 93.906250 70.437500 51.375000 36.375000 24.375000 15.375000 8.5000000 3.5312500 0.0000000 -1.9687500 -3.0937500 -3.3125000 -2.9375000 -2.0000000 1.0000000 0.75000000 2.3750000 4.3125000 8.0000000 8.1875000 10.312500 12.750000 15.125000 17.812500 22.468750 25.062500 29.562500 36.000000 39.156250 44.218750 51.125000 54.750000 60.218750 65.812500 71.500000 77.312500 83.125000 88.937500 22.335363
53.2000 -472646.78 -716.15625 -713.93750 -713.12500 -713.59375 -711.40625 -711.90625 -711.03125 -710.18750 -707.96875 -583.96875 -471.03125 -364.40625 -267.12500 -166.81250 -76.406250 -0.34375000 67.625000 119.62500 163.31250 194.62500 214.37500 221.37500 172.87500 137.21875 106.50000 81.343750 61.406250 45.500000 32.312500 22.093750 13.906250 8.0937500 4.0000000 1.3437500 0.0000000 -0.40625000 0.093750000 1.3437500 2.9375000 4.9375000 8.5312500 9.5937500 12.031250 14.656250 18.625000 19.875000 22.531250 25.593750 28.500000 31.687500 36.625000 40.281250 45.593750 52.375000 56.656250 62.406250 69.656250 74.281250 80.375000 86.562500 92.906250 99.250000 105.68750 112.00000 22.220486
53.4000 -473275.34 -849.28125 -848.21875 -848.06250 -848.75000 -847.65625 -848.37500 -848.18750 -847.96875 -846.93750 -721.25000 -604.43750 -498.15625 -398.18750 -296.50000 -205.15625 -127.15625 -58.625000 -3.7500000 41.156250 72.843750 93.000000 101.06250 77.750000 60.500000 45.250000 32.656250 22.906250 15.312500 9.2187500 4.8437500 1.6562500 -0.15625000 -1.0312500 -0.90625000 0.0000000 1.3437500 3.3437500 5.7187500 8.0937500 10.937500 14.562500 16.531250 19.437500 22.250000 25.875000 27.750000 30.531250 33.656250 36.656250 39.937500 44.250000 48.406250 53.531250 59.687500 64.218750 69.593750 76.062500 80.843750 86.531250 92.406250 98.281250 104.12500 110.15625 116.03125 22.301699
53.6000 -472795.38 -824.90625 -822.65625 -821.15625 -820.31250 -818.06250 -817.25000 -815.75000 -814.21875 -811.96875 -687.96875 -572.34375 -465.96875 -367.46875 -265.65625 -175.43750 -97.593750 -29.718750 24.156250 69.187500 100.53125 121.84375 130.00000 98.125000 75.093750 55.781250 40.406250 28.562500 19.312500 12.000000 6.7187500 2.9375000 0.62500000 -0.56250000 -0.65625000 0.0000000 1.3125000 3.1875000 5.5000000 7.9687500 10.718750 14.281250 16.437500 19.281250 22.125000 25.656250 27.781250 30.656250 33.687500 36.687500 40.031250 44.281250 48.625000 53.812500 59.843750 64.593750 70.125000 76.531250 81.500000 87.312500 93.218750 99.125000 105.18750 111.21875 117.18750 22.292860
53.8000 -472984.19 -779.68750 -778.81250 -778.53125 -778.84375 -777.93750 -778.28125 -777.96875 -777.68750 -776.78125 -651.62500 -536.46875 -430.34375 -331.28125 -230.21875 -140.68750 -62.781250 3.9375000 57.437500 99.968750 131.65625 151.31250 157.90625 126.37500 101.84375 80.062500 62.250000 47.312500 35.218750 25.062500 17.062500 10.687500 6.1875000 2.9687500 0.93750000 0.0000000 -0.062500000 0.56250000 1.7500000 3.2500000 5.1875000 7.8750000 9.5312500 11.937500 14.312500 17.343750 19.125000 21.656250 24.406250 27.187500 30.187500 34.062500 38.125000 43.031250 48.687500 53.250000 58.625000 64.687500 69.687500 75.375000 81.187500 87.000000 93.000000 98.937500 104.90625 22.203884
54.0000 -472241.53 -582.93750 -580.84375 -580.34375 -581.37500 -579.31250 -580.37500 -579.84375 -579.31250 -577.21875 -450.15625 -334.46875 -225.50000 -125.75000 -22.593750 69.812500 147.28125 216.56250 270.68750 316.46875 348.03125 369.71875 376.31250 286.93750 224.06250 172.81250 132.75000 101.18750 76.187500 55.687500 39.500000 26.406250 16.687500 9.3437500 3.8125000 0.0000000 -2.3125000 -3.5625000 -4.0000000 -3.7500000 -2.9687500 -0.18750000 -0.31250000 1.3750000 3.1562500 6.6250000 6.9375000 9.0937500 11.312500 13.750000 16.312500 20.843750 23.468750 27.875000 34.062500 37.312500 42.312500 48.968750 52.687500 58.062500 63.468750 69.000000 74.656250 80.343750 86.000000 22.279896
54.2000 -473300.59 -545.78125 -544.12500 -543.71875 -544.50000 -542.84375 -543.68750 -543.25000 -542.84375 -541.18750 -414.50000 -298.06250 -189.31250 -89.187500 15.281250 106.84375 186.31250 254.96875 310.87500 357.31250 390.56250 411.81250 420.96875 316.06250 245.40625 189.65625 147.00000 113.18750 86.281250 64.000000 46.125000 31.531250 20.343750 11.656250 5.0000000 0.0000000 -3.3437500 -5.5000000 -6.6250000 -7.0625000 -6.9375000 -5.0937500 -5.3750000 -4.0312500 -2.6250000 0.18750000 0.59375000 2.3750000 4.5625000 6.6562500 9.0000000 12.843750 15.562500 19.750000 25.406250 28.812500 33.687500 39.906250 43.781250 49.000000 54.406250 59.937500 65.562500 71.312500 76.937500 22.296919
54.4000 -473621.12 -874.00000 -873.06250 -872.50000 -872.25000 -871.34375 -871.09375 -870.50000 -869.90625 -869.00000 -744.50000 -629.50000 -524.34375 -426.84375 -326.12500 -237.37500 -160.46875 -95.125000 -42.000000 -0.68750000 29.000000 48.093750 54.187500 37.937500 26.031250 16.062500 8.3125000 2.5625000 -1.5000000 -4.2500000 -5.8125000 -6.2500000 -5.8125000 -4.5000000 -2.5625000 0.0000000 2.8125000 6.0625000 9.5625000 13.062500 16.812500 20.906250 24.000000 27.500000 30.906250 34.593750 37.375000 40.625000 44.187500 47.562500 51.312500 55.656250 60.812500 66.468750 72.656250 78.125000 84.062500 90.500000 96.187500 102.25000 108.50000 114.68750 121.00000 127.31250 133.50000 22.224655
54.6000 -473597.56 -738.06250 -735.09375 -733.75000 -733.96875 -731.03125 -731.25000 -729.90625 -728.53125 -725.59375 -598.96875 -483.28125 -374.46875 -274.87500 -171.62500 -79.093750 -2.3437500 67.062500 121.46875 167.12500 199.43750 219.53125 226.71875 165.75000 125.56250 93.375000 68.281250 49.562500 35.187500 23.750000 15.218750 8.8125000 4.4687500 1.7500000 0.28125000 0.0000000 0.56250000 1.8125000 3.6875000 5.7812500 8.2812500 12.562500 13.656250 16.468750 19.250000 23.687500 24.812500 27.687500 30.843750 33.812500 37.281250 42.500000 46.062500 51.406250 58.562500 62.562500 68.343750 75.812500 80.187500 86.250000 92.437500 98.687500 104.87500 111.25000 117.53125 22.231520
54.8000 -472762.56 -813.06250 -811.53125 -811.25000 -812.21875 -810.71875 -811.65625 -811.34375 -811.06250 -809.56250 -685.25000 -570.03125 -463.46875 -366.09375 -265.37500 -175.50000 -99.156250 -31.281250 21.125000 65.500000 96.625000 116.31250 123.68750 96.125000 76.062500 58.250000 43.062500 31.343750 22.062500 14.531250 8.8750000 4.5625000 1.8437500 0.25000000 -0.31250000 0.0000000 1.0312500 2.6250000 4.7187500 7.0000000 9.5937500 13.562500 15.062500 17.906250 20.750000 24.812500 26.343750 29.125000 32.312500 35.375000 38.625000 43.500000 47.437500 52.781250 59.531250 63.843750 69.625000 76.687500 81.437500 87.500000 93.687500 99.906250 106.18750 112.50000 118.75000 22.400106
55.0000 -474066.81 -861.00000 -858.40625 -857.68750 -858.84375 -856.25000 -857.37500 -856.65625 -855.90625 -853.31250 -727.71875 -611.18750 -502.09375 -401.53125 -298.21875 -204.43750 -127.37500 -55.531250 -1.1875000 45.250000 77.812500 100.25000 107.75000 79.625000 61.000000 44.562500 30.468750 20.593750 13.093750 7.2812500 3.2187500 0.40625000 -0.96875000 -1.4687500 -1.1562500 0.0000000 1.6875000 3.8437500 6.3125000 8.9062500 11.812500 16.625000 17.562500 20.531250 23.406250 28.187500 29.031250 31.906250 34.968750 37.968750 41.125000 46.562500 49.593750 54.718750 61.875000 65.281250 70.625000 78.125000 81.718750 87.468750 93.156250 98.968750 104.78125 110.68750 116.43750 22.185305
55.2000 -473865.69 -730.68750 -728.53125 -727.84375 -728.65625 -726.50000 -727.34375 -726.65625 -725.96875 -723.81250 -598.46875 -482.81250 -375.87500 -277.43750 -175.87500 -85.281250 -7.5625000 60.750000 114.18750 158.87500 190.21875 210.09375 218.18750 165.03125 128.00000 97.125000 72.375000 53.562500 38.687500 26.718750 17.687500 10.687500 5.8125000 2.6250000 0.68750000 0.0000000 0.18750000 1.0937500 2.5625000 4.3750000 6.6250000 10.406250 11.437500 14.031250 16.625000 20.750000 21.812500 24.437500 27.437500 30.312500 33.500000 38.406250 41.875000 46.937500 53.687500 57.562500 63.062500 70.125000 74.375000 80.187500 86.062500 92.125000 98.125000 104.18750 110.18750 22.176487
55.4000 -472312.06 -721.15625 -719.09375 -718.46875 -719.37500 -717.28125 -718.15625 -717.59375 -717.00000 -714.90625 -590.21875 -473.90625 -366.06250 -267.50000 -165.68750 -74.093750 3.5625000 71.031250 125.43750 170.96875 202.90625 223.34375 230.37500 182.75000 147.43750 116.46875 90.625000 69.750000 52.875000 38.718750 27.250000 18.000000 11.125000 5.9375000 2.3125000 0.0000000 -1.1875000 -1.4375000 -1.0625000 -0.062500000 1.4062500 4.6250000 5.1250000 7.2500000 9.4375000 13.250000 14.062500 16.500000 19.187500 21.875000 24.875000 29.687500 32.937500 37.937500 44.562500 48.500000 53.937500 61.187500 65.562500 71.500000 77.531250 83.750000 90.000000 96.312500 102.56250 22.398643
55.6000 -474141.50 -752.18750 -750.03125 -749.71875 -751.31250 -749.15625 -750.71875 -750.40625 -750.12500 -747.96875 -621.56250 -505.96875 -397.34375 -297.59375 -195.12500 -102.09375 -23.656250 45.093750 98.968750 144.68750 177.18750 197.81250 204.93750 157.87500 124.56250 95.500000 71.562500 53.187500 38.593750 26.875000 17.718750 10.750000 5.8750000 2.6875000 0.68750000 0.0000000 0.25000000 1.3125000 2.8750000 4.8750000 7.3125000 11.812500 12.625000 15.437500 18.250000 23.062500 23.875000 26.875000 30.125000 33.250000 36.781250 42.375000 45.875000 51.437500 59.125000 63.187500 69.156250 77.250000 81.687500 88.125000 94.531250 101.18750 107.87500 114.56250 121.18750 22.190626
55.8000 -474795.16 -579.68750 -577.68750 -577.25000 -578.37500 -576.37500 -577.50000 -577.06250 -576.59375 -574.59375 -451.09375 -337.96875 -230.93750 -133.65625 -33.875000 56.812500 131.56250 198.40625 251.43750 295.37500 325.25000 344.90625 350.50000 264.96875 205.93750 158.06250 120.81250 91.562500 68.531250 49.781250 34.968750 23.218750 14.437500 7.9375000 3.1875000 0.0000000 -1.7500000 -2.5000000 -2.3750000 -1.6250000 -0.46875000 2.6875000 2.8437500 4.8437500 6.9375000 10.781250 11.312500 13.593750 16.250000 18.812500 21.687500 26.500000 29.437500 34.250000 40.937500 44.437500 49.875000 56.968750 61.000000 66.625000 72.562500 78.437500 84.468750 90.625000 96.625000 22.160084
56.0000 -472642.81 -750.31250 -749.00000 -748.84375 -749.84375 -748.46875 -749.50000 -749.34375 -749.18750 -747.84375 -623.68750 -509.21875 -402.37500 -304.78125 -204.93750 -113.90625 -37.968750 29.000000 82.750000 126.96875 157.59375 177.34375 184.25000 140.12500 108.81250 82.531250 61.406250 45.187500 32.375000 22.218750 14.375000 8.3125000 4.2187500 1.6875000 0.25000000 0.0000000 0.43750000 1.5312500 3.2500000 5.3125000 7.7187500 11.406250 12.812500 15.500000 18.187500 22.218750 23.656250 26.437500 29.500000 32.437500 35.687500 40.437500 44.281250 49.593750 56.187500 60.593750 66.187500 73.187500 77.843750 83.937500 90.000000 96.218750 102.40625 108.65625 114.87500 22.342121
56.2000 -474388.16 -585.21875 -583.34375 -582.37500 -582.28125 -580.43750 -580.31250 -579.34375 -578.37500 -576.50000 -450.43750 -334.62500 -227.81250 -129.56250 -27.781250 63.031250 140.46875 208.62500 263.34375 307.00000 337.71875 358.09375 366.00000 275.68750 213.31250 163.87500 126.12500 96.031250 72.281250 52.750000 37.437500 24.937500 15.625000 8.6875000 3.6250000 0.0000000 -2.0625000 -3.0625000 -3.1250000 -2.5625000 -1.5000000 0.81250000 1.6875000 3.5625000 5.6250000 8.6875000 9.9687500 12.312500 15.000000 17.562500 20.437500 24.500000 28.375000 33.250000 39.250000 43.687500 49.250000 55.812500 60.750000 66.718750 72.781250 78.937500 85.187500 91.562500 97.875000 22.199511
56.4000 -474634.12 -583.75000 -581.21875 -580.18750 -580.78125 -578.25000 -578.84375 -577.81250 -576.87500 -574.28125 -448.00000 -333.56250 -225.31250 -126.84375 -24.812500 67.468750 143.81250 212.56250 266.62500 311.87500 344.09375 364.81250 371.31250 256.46875 189.84375 140.90625 104.78125 77.625000 56.812500 40.125000 27.375000 17.437500 10.375000 5.2500000 1.9375000 0.0000000 -0.65625000 -0.50000000 0.43750000 2.0000000 3.9687500 7.7500000 8.5937500 11.062500 13.750000 18.000000 19.000000 21.750000 24.812500 27.812500 31.125000 36.406250 40.125000 45.531250 52.812500 57.000000 62.968750 70.750000 75.375000 81.687500 88.312500 94.812500 101.53125 108.18750 114.87500 22.205544
56.6000 -473364.91 -865.53125 -862.75000 -861.56250 -861.87500 -859.12500 -859.43750 -858.25000 -857.03125 -854.28125 -725.93750 -609.68750 -499.96875 -400.06250 -297.00000 -203.37500 -124.37500 -54.218750 1.3437500 47.593750 80.500000 102.84375 110.59375 82.406250 62.875000 45.781250 31.468750 21.125000 13.218750 7.0937500 2.9062500 0.031250000 -1.4062500 -1.8750000 -1.3125000 0.0000000 1.8750000 4.2187500 6.9062500 9.7812500 12.937500 17.531250 19.156250 22.250000 25.343750 29.843750 31.343750 34.281250 37.656250 40.750000 44.187500 49.406250 53.156250 58.625000 65.656250 69.750000 75.437500 82.781250 87.187500 93.156250 99.062500 105.18750 111.34375 117.46875 123.50000 22.329292
56.8000 -473622.16 -882.25000 -881.18750 -880.93750 -881.56250 -880.46875 -881.09375 -880.84375 -880.59375 -879.50000 -754.18750 -639.37500 -532.50000 -434.43750 -332.34375 -241.62500 -164.62500 -97.250000 -43.093750 1.1250000 32.593750 52.656250 60.781250 44.593750 32.843750 22.406250 13.656250 7.2187500 2.5000000 -0.96875000 -3.0937500 -4.2812500 -4.3125000 -3.5937500 -2.0625000 0.0000000 2.5000000 5.4062500 8.6250000 11.781250 15.312500 19.593750 22.031250 25.281250 28.531250 32.625000 34.843750 37.906250 41.406250 44.625000 48.187500 52.875000 57.406250 62.906250 69.312500 74.218750 80.062500 86.812500 91.906250 97.937500 104.00000 110.15625 116.25000 122.53125 128.59375 22.336079
57.0000 -473800.62 -77.343750 -73.218750 -71.031250 -70.656250 -66.593750 -66.218750 -63.968750 -61.750000 -57.625000 67.281250 181.46875 287.46875 386.31250 486.84375 579.15625 654.71875 722.78125 776.21875 820.75000 852.34375 871.68750 878.28125 480.06250 327.56250 236.50000 176.09375 132.03125 98.750000 72.156250 51.437500 34.718750 22.156250 12.593750 5.2812500 0.0000000 -3.4375000 -5.6562500 -6.7187500 -6.9375000 -6.4062500 -3.6250000 -4.1562500 -2.5625000 -0.78125000 3.0000000 3.2187500 5.4375000 7.9062500 10.406250 13.281250 18.281250 21.093750 26.031250 32.968750 36.531250 42.156250 49.781250 53.968750 60.031250 66.250000 72.656250 79.156250 85.750000 92.250000 22.227064
57.2000 -473703.34 -793.53125 -792.71875 -792.06250 -791.53125 -790.71875 -790.18750 -789.53125 -788.84375 -788.03125 -661.50000 -544.31250 -436.59375 -337.31250 -235.81250 -144.21875 -64.875000 2.0000000 57.406250 102.18750 134.71875 154.62500 164.06250 130.12500 103.71875 81.250000 63.312500 48.250000 35.937500 25.625000 17.500000 11.062500 6.3125000 3.0625000 0.96875000 0.0000000 -0.12500000 0.43750000 1.5625000 3.0625000 5.1250000 7.3125000 9.4687500 11.718750 14.218750 16.812500 19.062500 21.625000 24.468750 27.250000 30.250000 33.718750 38.437500 43.375000 48.656250 53.875000 59.312500 65.062500 70.656250 76.500000 82.437500 88.406250 94.500000 100.68750 106.75000 22.188435
57.4000 -472518.69 -705.15625 -703.28125 -702.78125 -703.65625 -701.78125 -702.65625 -702.15625 -701.65625 -699.75000 -578.81250 -467.65625 -363.81250 -268.40625 -170.56250 -83.156250 -9.7500000 54.218750 104.75000 147.31250 175.84375 193.12500 197.50000 146.43750 112.43750 84.718750 62.718750 46.062500 32.968750 22.593750 14.625000 8.5937500 4.5000000 1.8125000 0.43750000 0.0000000 0.50000000 1.6250000 3.3125000 5.3125000 7.6875000 11.531250 12.687500 15.406250 18.125000 22.187500 23.406250 26.125000 29.187500 32.125000 35.375000 40.281250 43.875000 49.125000 55.906250 59.906250 65.531250 72.718750 77.187500 83.125000 89.187500 95.250000 101.43750 107.68750 113.81250 22.254248
57.6000 -473691.72 -184.65625 -183.96875 -183.59375 -183.53125 -182.87500 -182.81250 -182.43750 -182.06250 -181.40625 -56.187500 59.343750 166.65625 265.56250 366.87500 456.93750 533.84375 601.31250 656.12500 700.00000 731.31250 751.65625 759.37500 373.75000 239.15625 165.03125 119.62500 87.000000 63.156250 44.625000 30.625000 19.843750 12.000000 6.3125000 2.4687500 0.0000000 -1.1875000 -1.4375000 -0.90625000 0.093750000 1.6250000 3.7500000 5.4375000 7.5625000 9.7812500 12.500000 14.437500 16.843750 19.531250 22.187500 25.125000 28.750000 33.000000 37.875000 43.281250 48.156250 53.468750 59.312500 64.468750 70.250000 75.968750 81.937500 87.875000 93.937500 99.875000 22.253284
57.8000 -474310.00 -679.25000 -677.68750 -677.59375 -678.93750 -677.34375 -678.71875 -678.62500 -678.50000 -676.93750 -554.75000 -442.78125 -339.25000 -243.09375 -145.84375 -57.531250 15.531250 80.937500 131.28125 172.68750 201.03125 218.25000 221.84375 165.31250 127.71875 97.093750 72.812500 54.187500 39.625000 27.750000 18.625000 11.562500 6.5625000 3.1250000 1.0000000 0.0000000 0.0000000 0.68750000 2.0625000 3.6875000 5.8125000 9.6562500 10.437500 13.000000 15.593750 19.593750 20.625000 23.187500 26.125000 29.062500 32.125000 37.093750 40.437500 45.500000 52.250000 56.187500 61.625000 68.812500 73.062500 78.906250 84.875000 90.875000 97.000000 103.12500 109.18750 22.253349
58.0000 -473459.97 -771.53125 -770.78125 -770.53125 -770.87500 -770.09375 -770.40625 -770.15625 -769.93750 -769.18750 -641.40625 -522.00000 -412.12500 -311.00000 -206.15625 -114.09375 -33.468750 36.375000 93.312500 139.28125 173.62500 195.50000 205.12500 155.68750 119.75000 90.312500 67.562500 49.406250 35.250000 23.937500 15.312500 8.8437500 4.5000000 1.7812500 0.34375000 0.0000000 0.56250000 1.9062500 3.8125000 5.9375000 8.5625000 11.750000 14.000000 16.843750 19.687500 23.125000 25.375000 28.343750 31.531250 34.625000 38.000000 42.281250 47.000000 52.468750 58.562500 63.812500 69.562500 76.125000 81.625000 87.781250 93.968750 100.34375 106.68750 113.06250 119.40625 22.269556
58.2000 -474418.28 -646.59375 -644.50000 -643.37500 -643.21875 -641.12500 -640.96875 -639.81250 -638.65625 -636.56250 -514.03125 -401.12500 -295.46875 -198.59375 -98.968750 -10.062500 66.250000 132.21875 184.62500 227.93750 258.75000 277.87500 284.71875 187.59375 134.34375 97.375000 71.218750 51.718750 36.968750 25.468750 16.812500 10.156250 5.6250000 2.5312500 0.75000000 0.0000000 0.18750000 1.0312500 2.4062500 4.0937500 6.2187500 9.3437500 10.843750 13.343750 15.812500 19.187500 20.718750 23.343750 26.187500 28.906250 31.937500 36.125000 39.968750 44.906250 50.843750 55.156250 60.468750 66.875000 71.531250 77.218750 82.875000 88.781250 94.593750 100.59375 106.46875 22.210100
58.4000 -474108.94 -744.40625 -743.18750 -742.43750 -742.15625 -740.93750 -740.65625 -739.90625 -739.15625 -737.93750 -611.34375 -495.28125 -387.40625 -288.12500 -185.15625 -94.312500 -16.125000 52.093750 107.53125 152.71875 184.50000 206.09375 215.31250 160.87500 123.34375 93.593750 71.125000 53.093750 38.937500 27.437500 18.500000 11.500000 6.5625000 3.1875000 1.0625000 0.0000000 -0.062500000 0.56250000 1.7500000 3.3750000 5.3750000 7.9062500 9.7500000 12.250000 14.750000 17.593750 19.625000 22.187500 25.125000 27.875000 31.000000 34.718750 39.218750 44.250000 49.843750 54.812500 60.375000 66.375000 71.687500 77.500000 83.500000 89.500000 95.656250 101.81250 107.93750 22.219168
58.6000 -473188.03 -356.34375 -354.12500 -353.43750 -354.28125 -351.96875 -352.81250 -352.12500 -351.43750 -349.21875 -220.93750 -103.03125 8.0000000 108.59375 214.03125 308.71875 388.75000 460.53125 516.15625 564.15625 598.53125 620.90625 630.62500 405.00000 283.34375 201.75000 146.43750 106.37500 76.843750 54.062500 36.906250 23.750000 14.375000 7.6875000 2.9375000 0.0000000 -1.4062500 -1.7500000 -1.2187500 -0.18750000 1.4687500 4.9062500 5.5000000 7.8750000 10.437500 14.343750 15.375000 18.000000 20.937500 23.781250 27.000000 32.093750 35.625000 40.875000 47.906250 52.031250 57.875000 65.312500 69.843750 76.062500 82.312500 88.687500 95.156250 101.68750 108.12500 22.243872
58.8000 -472425.19 -903.93750 -901.90625 -901.40625 -902.40625 -900.34375 -901.37500 -900.87500 -900.34375 -898.31250 -769.96875 -652.03125 -542.81250 -440.43750 -335.59375 -241.53125 -160.25000 -87.687500 -30.250000 18.500000 53.250000 77.781250 88.875000 68.718750 54.343750 40.687500 28.375000 19.468750 12.468750 6.8750000 3.0000000 0.31250000 -1.1875000 -1.6875000 -1.1875000 0.0000000 1.7812500 4.0625000 6.7500000 9.5625000 12.656250 17.343750 18.781250 21.937500 25.125000 29.781250 31.125000 34.125000 37.500000 40.750000 44.250000 49.687500 53.468750 59.000000 66.312500 70.500000 76.437500 84.031250 88.531250 94.687500 101.00000 107.31250 113.68750 120.06250 126.43750 22.200403
59.0000 -473021.19 -810.84375 -809.68750 -809.46875 -810.12500 -809.00000 -809.71875 -809.46875 -809.21875 -808.09375 -682.31250 -566.12500 -457.75000 -357.90625 -255.96875 -164.15625 -85.656250 -16.437500 38.593750 83.125000 116.21875 137.12500 145.59375 110.46875 85.093750 63.656250 46.406250 32.968750 22.656250 14.406250 8.3437500 3.9062500 1.2187500 -0.25000000 -0.59375000 0.0000000 1.2187500 3.0937500 5.4687500 7.9687500 10.906250 14.750000 16.812500 19.781250 22.781250 26.750000 28.656250 31.718750 35.000000 38.062500 41.531250 46.250000 50.656250 56.156250 62.718750 67.468750 73.406250 80.281250 85.437500 91.593750 97.812500 104.09375 110.46875 116.84375 123.12500 22.362967
59.2000 -472572.88 -787.65625 -786.93750 -786.71875 -786.96875 -786.21875 -786.46875 -786.25000 -786.00000 -785.25000 -661.90625 -547.21875 -441.15625 -344.12500 -243.84375 -154.65625 -77.968750 -12.843750 39.875000 83.218750 113.78125 133.25000 139.81250 109.93750 86.906250 66.906250 50.687500 37.500000 26.812500 18.125000 11.437500 6.4375000 3.0937500 1.0000000 0.062500000 0.0000000 0.84375000 2.2500000 4.1875000 6.4062500 8.9375000 12.062500 14.312500 17.125000 19.937500 23.281250 25.437500 28.375000 31.437500 34.562500 37.968750 42.125000 46.781250 52.156250 58.281250 63.375000 69.187500 75.656250 81.125000 87.187500 93.437500 99.687500 106.06250 112.46875 118.75000 22.361212
59.4000 -474012.34 -565.40625 -564.71875 -564.18750 -563.84375 -563.21875 -562.84375 -562.31250 -561.81250 -561.12500 -434.40625 -317.50000 -208.84375 -109.56250 -6.9375000 84.968750 164.43750 231.93750 287.87500 331.75000 365.96875 386.81250 395.93750 282.06250 210.43750 157.81250 120.09375 90.218750 67.156250 48.625000 34.125000 22.500000 14.062500 7.6875000 3.1562500 0.0000000 -1.6875000 -2.4375000 -2.3750000 -1.6875000 -0.62500000 0.93750000 2.5312500 4.3750000 6.4062500 8.5625000 10.500000 12.750000 15.250000 17.750000 20.500000 23.656250 27.937500 32.562500 37.531250 42.406250 47.562500 53.000000 58.281250 63.781250 69.468750 75.187500 81.062500 86.937500 92.812500 22.245663
59.6000 -474767.22 -785.53125 -784.81250 -784.43750 -784.31250 -783.59375 -783.50000 -783.12500 -782.75000 -782.03125 -658.59375 -544.34375 -438.90625 -344.09375 -244.31250 -155.62500 -79.593750 -14.343750 38.843750 80.156250 110.53125 129.15625 136.03125 104.21875 80.218750 60.156250 44.437500 31.718750 21.750000 13.812500 7.9375000 3.6875000 1.0625000 -0.31250000 -0.62500000 0.0000000 1.3437500 3.2500000 5.7187500 8.3125000 11.312500 14.593750 17.375000 20.500000 23.562500 26.906250 29.625000 32.687500 36.062500 39.312500 42.875000 47.031250 52.250000 57.937500 63.906250 69.625000 75.625000 82.093750 88.031250 94.343750 100.78125 107.31250 113.81250 120.43750 126.87500 22.163517
59.8000 -474680.62 -621.81250 -618.78125 -617.62500 -618.34375 -615.28125 -616.00000 -614.84375 -613.68750 -610.62500 -481.68750 -364.59375 -254.09375 -153.00000 -48.906250 45.968750 124.93750 196.34375 251.59375 300.09375 333.81250 354.75000 364.06250 276.50000 215.78125 166.09375 127.00000 96.437500 72.312500 52.531250 37.000000 24.500000 15.281250 8.4375000 3.4062500 0.0000000 -1.8125000 -2.6875000 -2.6250000 -1.9062500 -0.68750000 2.7812500 2.7187500 4.8125000 6.9062500 11.062500 11.500000 13.875000 16.562500 19.312500 22.343750 27.468750 30.375000 35.437500 42.468750 46.125000 51.625000 59.218750 63.250000 69.187500 75.281250 81.468750 87.812500 94.187500 100.46875 22.177053
60.0000 -473764.03 -838.78125 -837.21875 -836.87500 -837.71875 -836.12500 -837.00000 -836.68750 -836.34375 -834.71875 -710.71875 -596.18750 -490.03125 -393.90625 -294.06250 -204.50000 -128.87500 -63.687500 -11.031250 31.718750 62.375000 80.156250 86.093750 64.031250 48.375000 34.625000 23.031250 14.687500 8.2812500 3.5000000 0.21875000 -1.8437500 -2.6875000 -2.6562500 -1.6562500 0.0000000 2.0937500 4.6250000 7.5000000 10.468750 13.625000 18.062500 20.000000 23.218750 26.281250 30.562500 32.343750 35.375000 38.718750 41.875000 45.343750 50.250000 54.218750 59.656250 66.375000 70.781250 76.531250 83.500000 88.156250 94.093750 100.06250 106.21875 112.31250 118.46875 124.46875 22.194012
60.2000 -472503.31 -767.21875 -765.59375 -764.53125 -764.06250 -762.40625 -761.93750 -760.87500 -759.84375 -758.15625 -631.71875 -515.06250 -405.56250 -305.09375 -202.56250 -110.12500 -30.843750 38.062500 94.437500 140.43750 173.18750 195.56250 205.31250 161.62500 128.43750 100.21875 77.437500 58.718750 43.656250 31.187500 21.343750 13.562500 8.0000000 4.0625000 1.4687500 0.0000000 -0.31250000 0.12500000 1.2500000 2.7812500 4.8125000 7.5312500 9.1875000 11.625000 14.093750 17.250000 19.187500 21.781250 24.750000 27.562500 30.656250 34.750000 39.125000 44.312500 50.250000 55.125000 60.687500 67.125000 72.437500 78.375000 84.500000 90.687500 96.937500 103.28125 109.53125 22.200232
60.4000 -474711.78 -738.34375 -737.84375 -737.59375 -737.59375 -737.09375 -737.12500 -736.87500 -736.65625 -736.15625 -610.43750 -493.00000 -384.34375 -284.71875 -181.93750 -90.156250 -9.4375000 58.468750 115.75000 161.46875 195.87500 217.56250 227.87500 179.00000 141.71875 110.15625 85.437500 64.812500 48.343750 34.593750 23.906250 15.312500 9.1875000 4.7187500 1.8125000 0.0000000 -0.56250000 -0.25000000 0.62500000 2.0000000 3.8750000 6.2187500 8.1875000 10.500000 13.000000 15.718750 17.875000 20.375000 23.250000 26.062500 29.156250 32.843750 37.437500 42.500000 48.062500 53.125000 58.750000 64.656250 70.125000 76.000000 81.937500 88.062500 94.250000 100.46875 106.59375 22.208033
60.6000 -473500.00 -861.31250 -859.25000 -858.50000 -859.15625 -857.09375 -857.71875 -856.96875 -856.25000 -854.18750 -727.93750 -611.78125 -504.03125 -404.25000 -301.12500 -207.59375 -130.12500 -60.500000 -5.4687500 39.406250 72.500000 93.562500 102.37500 76.656250 58.718750 43.000000 29.843750 20.156250 12.781250 7.0312500 2.9687500 0.21875000 -1.1562500 -1.6562500 -1.2187500 0.0000000 1.6875000 3.8437500 6.4062500 9.1562500 12.093750 16.312500 17.906250 20.906250 23.843750 28.062500 29.500000 32.468750 35.531250 38.531250 41.843750 46.750000 50.406250 55.593750 62.312500 66.375000 71.843750 78.875000 83.187500 88.906250 94.656250 100.68750 106.53125 112.53125 118.40625 22.196674
60.8000 -473720.69 -773.31250 -771.46875 -770.90625 -771.59375 -769.75000 -770.46875 -769.90625 -769.31250 -767.46875 -640.43750 -524.03125 -414.37500 -314.65625 -210.37500 -117.40625 -39.125000 30.375000 85.750000 130.75000 163.46875 183.78125 192.43750 150.18750 119.31250 92.468750 70.437500 53.000000 39.000000 27.562500 18.562500 11.562500 6.6250000 3.1562500 1.0625000 0.0000000 -0.12500000 0.68750000 1.9375000 3.6875000 5.6875000 9.2500000 10.312500 12.875000 15.437500 19.281250 20.500000 23.125000 26.062500 28.906250 32.187500 36.906250 40.562500 45.687500 52.156250 56.375000 61.937500 68.968750 73.500000 79.500000 85.500000 91.500000 97.687500 103.93750 110.06250 22.243368
61.0000 -473267.59 -849.28125 -847.46875 -847.18750 -848.37500 -846.56250 -847.75000 -847.43750 -847.15625 -845.34375 -721.18750 -606.71875 -499.87500 -401.59375 -300.62500 -209.21875 -133.21875 -65.031250 -11.125000 34.437500 64.906250 86.468750 93.375000 71.187500 55.406250 40.906250 28.125000 18.937500 11.843750 6.2812500 2.3750000 -0.25000000 -1.5625000 -1.9062500 -1.3437500 0.0000000 1.9687500 4.3750000 7.1250000 9.9062500 13.187500 17.875000 19.562500 22.750000 26.000000 30.593750 32.125000 35.187500 38.593750 41.937500 45.343750 50.750000 54.687500 60.343750 67.562500 71.875000 77.875000 85.437500 90.031250 96.250000 102.53125 108.90625 115.25000 121.81250 128.12500 22.296406
61.2000 -472754.72 -650.06250 -648.31250 -647.59375 -648.00000 -646.21875 -646.59375 -645.93750 -645.25000 -643.43750 -518.84375 -403.71875 -297.37500 -198.93750 -97.593750 -6.5000000 70.187500 138.56250 193.06250 236.56250 268.12500 288.65625 296.37500 220.56250 168.87500 127.75000 96.375000 71.812500 52.593750 37.187500 25.312500 16.062500 9.4687500 4.8437500 1.7187500 0.0000000 -0.46875000 -0.12500000 0.87500000 2.3750000 4.3125000 7.5625000 8.8750000 11.281250 13.875000 17.531250 19.000000 21.625000 24.625000 27.437500 30.687500 35.312500 39.281250 44.468750 50.906250 55.437500 61.125000 67.968750 72.812500 78.937500 85.093750 91.281250 97.562500 103.93750 110.21875 22.345922
61.4000 -473586.31 -850.25000 -849.00000 -848.50000 -848.87500 -847.62500 -847.96875 -847.46875 -847.03125 -845.78125 -721.28125 -604.43750 -497.71875 -399.28125 -297.56250 -205.78125 -129.03125 -59.312500 -5.3125000 40.625000 73.187500 95.156250 104.62500 80.500000 62.687500 46.875000 33.906250 23.781250 15.812500 9.5000000 4.9375000 1.5937500 -0.31250000 -1.1875000 -1.0000000 0.0000000 1.5625000 3.5937500 6.0625000 8.7812500 11.750000 15.500000 17.718750 20.812500 23.906250 27.656250 29.781250 32.750000 36.125000 39.312500 42.781250 47.312500 51.937500 57.437500 63.812500 68.812500 74.750000 81.500000 86.812500 93.000000 99.218750 105.56250 111.90625 118.31250 124.68750 22.358877
61.6000 -473092.44 -818.12500 -816.53125 -816.25000 -817.31250 -815.71875 -816.78125 -816.50000 -816.21875 -814.62500 -687.46875 -571.56250 -462.68750 -363.87500 -261.00000 -167.90625 -90.156250 -21.343750 33.937500 79.593750 112.84375 133.81250 142.28125 111.50000 88.718750 68.406250 51.187500 37.750000 27.000000 18.250000 11.562500 6.3750000 3.0625000 0.93750000 0.0000000 0.0000000 0.78125000 2.2500000 4.1250000 6.3437500 8.9375000 12.781250 14.250000 17.062500 19.906250 23.968750 25.500000 28.375000 31.500000 34.562500 37.937500 42.843750 46.750000 52.125000 58.875000 63.250000 69.062500 76.312500 80.968750 87.156250 93.343750 99.625000 105.90625 112.31250 118.59375 22.368513
61.8000 -474362.19 -740.59375 -739.06250 -738.65625 -739.40625 -737.84375 -738.56250 -738.18750 -737.78125 -736.21875 -609.28125 -494.37500 -386.18750 -287.43750 -185.00000 -94.625000 -17.031250 51.031250 105.34375 148.43750 180.06250 198.93750 205.18750 160.75000 127.65625 99.156250 75.843750 57.156250 42.187500 29.875000 20.218750 12.625000 7.3125000 3.5312500 1.1250000 0.0000000 -0.062500000 0.53125000 1.8437500 3.4375000 5.6875000 9.0312500 10.437500 13.062500 15.593750 19.343750 20.875000 23.625000 26.625000 29.625000 32.875000 37.531250 41.562500 46.875000 53.406250 58.000000 63.843750 70.843750 75.750000 81.937500 88.187500 94.500000 100.87500 107.37500 113.75000 22.312458
62.0000 -473365.03 21169.000 21170.750 21171.344 21170.781 21172.562 21171.969 21172.562 21173.188 21174.938 21295.281 21404.688 21506.531 21598.562 21694.312 21780.062 21849.844 21911.750 21960.094 21998.469 22025.406 22038.562 22040.500 1247.9062 524.09375 310.00000 210.81250 149.37500 107.75000 76.906250 53.875000 36.000000 22.875000 12.906250 5.5000000 0.0000000 -3.5000000 -5.8750000 -7.1250000 -7.4687500 -7.1875000 -5.3437500 -5.5000000 -4.1250000 -2.5937500 0.25000000 0.81250000 2.7187500 4.8437500 7.0312500 9.5312500 13.406250 16.312500 20.562500 26.250000 29.812500 34.625000 40.906250 44.875000 50.250000 55.718750 61.281250 66.937500 72.656250 78.312500 22.194832
62.2000 -472844.91 -635.25000 -634.12500 -633.06250 -632.00000 -630.87500 -629.78125 -628.71875 -627.65625 -626.50000 -503.50000 -390.68750 -285.50000 -189.37500 -91.062500 -3.9062500 71.437500 136.40625 189.06250 229.96875 258.96875 277.37500 283.81250 188.50000 134.25000 96.562500 70.562500 50.750000 35.812500 24.187500 15.625000 9.2187500 4.8125000 2.0000000 0.46875000 0.0000000 0.34375000 1.3750000 2.9687500 4.8437500 7.1250000 9.5937500 11.875000 14.500000 17.062500 19.625000 22.031250 24.625000 27.500000 30.312500 33.312500 36.687500 41.312500 46.187500 51.312500 56.375000 61.687500 67.000000 72.468750 77.968750 83.625000 89.312500 95.000000 100.81250 106.50000 22.206093
62.4000 -475023.12 -734.12500 -730.37500 -728.43750 -728.28125 -724.56250 -724.40625 -722.46875 -720.53125 -716.75000 -590.00000 -473.03125 -363.93750 -263.87500 -160.06250 -66.875000 11.062500 81.843750 136.43750 183.40625 216.18750 237.53125 245.43750 192.68750 154.12500 120.43750 92.468750 70.437500 52.750000 38.093750 26.468750 17.156250 10.375000 5.4375000 2.0625000 0.0000000 -0.75000000 -0.68750000 0.12500000 1.3750000 3.1250000 6.9375000 7.3125000 9.6250000 12.062500 16.375000 17.000000 19.625000 22.593750 25.437500 28.562500 33.843750 37.000000 42.187500 49.375000 53.062500 58.812500 66.562500 70.687500 76.781250 82.968750 89.250000 95.656250 102.09375 108.46875 22.255136
62.6000 -474364.88 -908.96875 -907.71875 -907.15625 -907.31250 -906.06250 -906.21875 -905.65625 -905.09375 -903.84375 -777.18750 -661.25000 -552.93750 -453.96875 -352.31250 -260.81250 -182.59375 -114.03125 -59.250000 -14.718750 16.843750 37.656250 45.062500 31.687500 22.031250 13.468750 6.3750000 1.2812500 -2.3750000 -4.8750000 -6.1875000 -6.5000000 -5.9375000 -4.6250000 -2.5937500 0.0000000 2.8437500 6.1250000 9.6250000 13.062500 16.812500 21.125000 23.937500 27.437500 30.812500 34.843750 37.312500 40.562500 44.125000 47.531250 51.125000 55.781250 60.625000 66.312500 72.718750 77.875000 83.843750 90.531250 95.812500 101.96875 108.18750 114.34375 120.62500 126.93750 133.09375 22.255398
62.8000 -474818.81 -751.34375 -749.34375 -749.06250 -750.40625 -748.46875 -749.81250 -749.50000 -749.21875 -747.25000 -620.31250 -504.31250 -395.21875 -295.21875 -192.40625 -99.218750 -20.593750 49.187500 102.87500 150.09375 183.53125 204.84375 213.34375 166.59375 132.62500 103.12500 78.562500 59.406250 44.031250 31.312500 21.406250 13.562500 7.9687500 3.9687500 1.4062500 0.0000000 -0.28125000 0.21875000 1.3125000 2.8125000 4.8437500 8.6250000 9.3437500 11.750000 14.218750 18.468750 19.312500 21.937500 24.843750 27.656250 30.812500 35.937500 39.218750 44.281250 51.281250 55.062500 60.656250 68.062500 72.218750 78.218750 84.250000 90.343750 96.562500 102.84375 109.00000 22.256721
63.0000 -474877.22 -771.34375 -769.28125 -768.90625 -770.15625 -768.15625 -769.40625 -769.03125 -768.62500 -766.62500 -640.90625 -525.78125 -417.31250 -318.03125 -215.93750 -123.15625 -45.750000 23.968750 79.031250 125.87500 158.68750 179.87500 188.46875 146.65625 116.18750 89.468750 67.156250 49.906250 36.281250 25.156250 16.562500 10.031250 5.4687500 2.3437500 0.62500000 0.0000000 0.28125000 1.2187500 2.8125000 4.7187500 6.9062500 11.000000 11.906250 14.500000 17.093750 21.437500 22.343750 25.031250 28.093750 30.937500 34.156250 39.250000 42.562500 47.687500 54.625000 58.406250 63.906250 71.156250 75.250000 81.093750 86.968750 93.031250 99.031250 105.15625 111.15625 22.258442
63.2000 -472657.34 -803.90625 -802.56250 -802.21875 -802.84375 -801.50000 -802.12500 -801.71875 -801.34375 -800.06250 -681.68750 -573.00000 -470.96875 -378.34375 -283.50000 -199.59375 -127.56250 -66.281250 -18.937500 20.125000 47.562500 61.281250 64.000000 48.437500 37.031250 26.625000 17.562500 10.937500 5.8750000 2.0000000 -0.68750000 -2.2187500 -2.8750000 -2.5937500 -1.6250000 0.0000000 2.0625000 4.5000000 7.2500000 10.093750 13.187500 17.218750 19.312500 22.375000 25.343750 29.281250 31.125000 34.000000 37.250000 40.250000 43.562500 48.156250 52.218750 57.437500 63.687500 68.187500 73.687500 80.218750 84.937500 90.687500 96.437500 102.31250 108.21875 114.15625 120.00000 22.246984
63.4000 -472709.69 -823.00000 -820.34375 -819.21875 -819.56250 -816.90625 -817.28125 -816.12500 -814.93750 -812.31250 -686.50000 -570.56250 -463.06250 -363.46875 -261.00000 -168.12500 -90.718750 -22.000000 32.406250 77.875000 110.15625 130.43750 138.62500 109.18750 87.531250 67.812500 50.781250 37.687500 27.250000 18.625000 11.937500 6.8750000 3.4687500 1.2500000 0.18750000 0.0000000 0.62500000 1.7812500 3.5000000 5.5000000 7.7500000 11.625000 12.687500 15.281250 17.875000 22.000000 23.000000 25.656250 28.562500 31.437500 34.562500 39.375000 42.656250 47.593750 54.281250 58.062500 63.406250 70.312500 74.406250 80.125000 85.812500 91.718750 97.562500 103.50000 109.34375 22.210413
63.6000 -474573.31 -565.75000 -563.81250 -563.62500 -565.18750 -563.28125 -564.81250 -564.62500 -564.46875 -562.50000 -435.56250 -319.75000 -211.25000 -111.37500 -7.6562500 85.281250 163.46875 234.31250 288.15625 335.71875 369.43750 390.31250 398.87500 274.15625 199.93750 146.03125 107.00000 78.312500 56.750000 39.750000 26.937500 17.031250 10.000000 5.0625000 1.8125000 0.0000000 -0.62500000 -0.43750000 0.56250000 1.9375000 3.8437500 7.8437500 8.3750000 10.812500 13.250000 17.656250 18.406250 21.031250 24.000000 26.875000 30.031250 35.281250 38.562500 43.812500 50.968750 54.687500 60.437500 68.000000 72.125000 78.187500 84.343750 90.593750 96.937500 103.21875 109.56250 22.136112
63.8000 -473159.09 -787.75000 -786.40625 -786.25000 -787.34375 -785.96875 -787.06250 -786.93750 -786.78125 -785.43750 -660.28125 -545.37500 -438.65625 -340.43750 -239.31250 -147.53125 -71.468750 -4.0625000 48.406250 92.968750 125.06250 144.75000 151.59375 115.81250 90.218750 68.218750 50.250000 36.437500 25.562500 16.937500 10.468750 5.5625000 2.4375000 0.56250000 -0.15625000 0.0000000 0.90625000 2.4375000 4.4375000 6.6250000 9.2187500 13.125000 14.625000 17.343750 20.187500 24.156250 25.562500 28.375000 31.437500 34.406250 37.625000 42.375000 46.156250 51.343750 57.875000 62.062500 67.562500 74.437500 78.875000 84.687500 90.625000 96.500000 102.56250 108.56250 114.53125 22.279144
64.0000 -474073.88 -818.78125 -816.71875 -816.18750 -817.18750 -815.09375 -816.03125 -815.50000 -814.96875 -812.87500 -687.00000 -572.59375 -464.75000 -366.15625 -263.15625 -170.87500 -93.875000 -23.937500 30.375000 75.500000 108.34375 130.15625 137.81250 107.81250 85.906250 65.968750 48.812500 35.812500 25.437500 16.937500 10.531250 5.7187500 2.5625000 0.62500000 -0.12500000 0.0000000 0.93750000 2.4062500 4.4062500 6.6875000 9.3125000 13.500000 14.750000 17.531250 20.437500 24.718750 26.000000 28.843750 31.937500 34.937500 38.312500 43.468750 47.093750 52.500000 59.343750 63.406250 69.125000 76.531250 80.906250 86.875000 93.000000 99.093750 105.31250 111.56250 117.75000 22.251040
64.2000 -475527.78 -868.09375 -866.62500 -866.18750 -866.71875 -865.31250 -865.84375 -865.40625 -864.93750 -863.53125 -737.40625 -620.37500 -510.96875 -410.00000 -306.71875 -213.62500 -134.40625 -64.343750 -9.0937500 38.312500 72.125000 94.062500 103.46875 78.562500 60.562500 44.750000 31.531250 21.656250 13.968750 7.9375000 3.6250000 0.68750000 -0.90625000 -1.5000000 -1.0937500 0.0000000 1.7187500 3.9062500 6.4687500 9.1250000 12.031250 16.062500 18.031250 21.062500 24.031250 27.937500 29.718750 32.687500 35.781250 38.906250 42.218750 46.812500 50.906250 56.156250 62.562500 66.968750 72.593750 79.187500 83.906250 89.687500 95.593750 101.43750 107.43750 113.40625 119.34375 22.114872
64.4000 -473918.53 -640.28125 -638.56250 -638.09375 -638.96875 -637.21875 -638.06250 -637.62500 -637.15625 -635.43750 -511.53125 -397.00000 -290.93750 -193.34375 -92.218750 -2.2812500 73.500000 140.00000 192.87500 236.34375 266.71875 286.34375 292.96875 210.84375 157.03125 115.53125 84.500000 61.125000 43.500000 29.687500 19.312500 11.562500 6.2500000 2.7812500 0.75000000 0.0000000 0.25000000 1.3125000 2.8125000 4.8750000 7.2500000 11.093750 12.375000 15.125000 17.875000 21.906250 23.375000 26.125000 29.156250 32.156250 35.562500 40.375000 44.312500 49.625000 56.312500 60.562500 66.375000 73.437500 78.125000 84.093750 90.187500 96.375000 102.62500 108.87500 115.09375 22.216368
64.6000 -474785.88 -674.03125 -672.68750 -672.03125 -672.06250 -670.75000 -670.75000 -670.09375 -669.40625 -668.09375 -540.50000 -421.96875 -313.03125 -211.84375 -108.37500 -15.718750 64.406250 134.59375 190.34375 236.68750 269.75000 292.46875 301.90625 239.75000 192.31250 151.75000 119.25000 92.156250 70.156250 51.687500 36.906250 24.781250 15.625000 8.6562500 3.5312500 0.0000000 -1.9687500 -3.0312500 -3.0937500 -2.5312500 -1.4062500 0.78125000 1.9062500 3.9375000 6.0937500 8.9687500 10.593750 13.031250 15.781250 18.468750 21.468750 25.500000 29.718750 34.843750 40.843750 45.781250 51.468750 58.000000 63.437500 69.593750 75.906250 82.281250 88.843750 95.406250 101.93750 22.116074
64.8000 -473647.78 -768.53125 -766.12500 -764.84375 -764.62500 -762.21875 -762.03125 -760.71875 -759.40625 -757.00000 -631.43750 -516.40625 -408.96875 -311.53125 -210.15625 -119.53125 -42.000000 25.812500 79.593750 122.78125 154.15625 173.90625 180.90625 139.90625 110.03125 84.531250 63.781250 47.500000 34.500000 23.968750 15.812500 9.5937500 5.2812500 2.3437500 0.59375000 0.0000000 0.28125000 1.1562500 2.5937500 4.4687500 6.5625000 10.062500 11.343750 13.875000 16.375000 19.968750 21.343750 24.031250 26.875000 29.687500 32.781250 37.281250 40.906250 45.968750 52.187500 56.281250 61.781250 68.406250 72.843750 78.656250 84.437500 90.281250 96.218750 102.21875 108.12500 22.248486
65.0000 -473558.88 -786.12500 -784.34375 -783.68750 -784.12500 -782.40625 -782.84375 -782.18750 -781.53125 -779.75000 -655.03125 -540.53125 -434.06250 -335.90625 -235.81250 -144.93750 -69.031250 -2.9062500 50.312500 93.218750 123.68750 141.87500 148.62500 116.15625 91.968750 70.781250 53.156250 39.281250 28.250000 19.218750 12.343750 7.0937500 3.4687500 1.2812500 0.15625000 0.0000000 0.68750000 1.8750000 3.6875000 5.7812500 8.1875000 11.812500 13.312500 15.968750 18.718750 22.468750 23.968750 26.656250 29.687500 32.656250 35.875000 40.406250 44.218750 49.406250 55.812500 60.062500 65.625000 72.312500 76.968750 82.750000 88.718750 94.718750 100.78125 106.87500 112.87500 22.236378
65.2000 -473219.03 -769.34375 -766.93750 -766.21875 -767.25000 -764.84375 -765.84375 -765.15625 -764.43750 -762.03125 -638.53125 -524.37500 -418.65625 -322.40625 -222.46875 -132.90625 -58.937500 6.7500000 58.187500 101.09375 130.53125 148.78125 152.46875 115.96875 90.406250 68.156250 49.500000 35.718750 24.875000 16.343750 9.9062500 5.1875000 2.1250000 0.43750000 -0.25000000 0.0000000 1.0000000 2.6875000 4.6875000 6.9687500 9.6250000 13.968750 15.000000 17.875000 20.593750 25.093750 26.062500 28.812500 31.937500 34.906250 38.125000 43.375000 46.625000 51.812500 58.843750 62.562500 68.062500 75.468750 79.437500 85.250000 91.156250 97.125000 103.09375 109.18750 115.12500 22.247499
65.4000 -474664.47 -810.87500 -808.31250 -807.50000 -808.62500 -806.03125 -807.09375 -806.37500 -805.62500 -803.00000 -677.96875 -563.03125 -455.31250 -356.40625 -253.90625 -160.28125 -83.562500 -13.281250 41.531250 87.062500 119.34375 141.21875 148.87500 114.31250 89.812500 68.125000 49.562500 35.812500 24.937500 16.312500 9.8125000 5.0937500 2.0625000 0.31250000 -0.37500000 0.0000000 1.0937500 2.6875000 4.8750000 7.2500000 10.000000 14.625000 15.718750 18.656250 21.562500 26.218750 27.218750 30.125000 33.312500 36.437500 39.875000 45.375000 48.718750 54.125000 61.500000 65.281250 71.062500 78.812500 82.937500 88.937500 95.031250 101.25000 107.50000 113.81250 120.00000 22.158028
65.6000 -474644.69 -880.90625 -878.84375 -877.75000 -877.53125 -875.53125 -875.31250 -874.18750 -873.03125 -871.03125 -745.68750 -629.18750 -522.06250 -422.59375 -320.28125 -228.65625 -151.40625 -83.125000 -28.343750 16.875000 48.937500 69.656250 78.250000 57.187500 42.125000 29.062500 18.312500 10.500000 4.6875000 0.37500000 -2.3125000 -3.8125000 -4.1562500 -3.5625000 -2.1250000 0.0000000 2.5937500 5.6562500 8.9375000 12.343750 15.968750 20.406250 23.000000 26.531250 29.937500 34.250000 36.593750 39.875000 43.437500 46.937500 50.625000 55.625000 60.312500 66.156250 73.031250 78.125000 84.187500 91.343750 96.687500 103.00000 109.37500 115.87500 122.37500 128.87500 135.31250 22.153929
65.8000 -473586.72 2149.0000 2150.9375 2151.5625 2151.0625 2152.9688 2152.4375 2153.1250 2153.8125 2155.7188 2280.9688 2396.0625 2502.5938 2601.1250 2703.3125 2793.5938 2870.7500 2938.0312 2991.7500 3036.9375 3068.0625 3087.0938 3094.4062 744.81250 396.93750 256.93750 182.12500 132.37500 97.125000 70.000000 49.468750 33.187500 21.093750 11.875000 5.0625000 0.0000000 -3.1250000 -5.0312500 -5.9375000 -6.0625000 -5.5937500 -3.4687500 -3.3750000 -1.7500000 0.0000000 3.0000000 3.7500000 5.8437500 8.3125000 10.625000 13.343750 17.531250 20.750000 25.437500 31.500000 35.406250 40.656250 47.312500 51.687500 57.500000 63.375000 69.406250 75.437500 81.656250 87.750000 22.233595
66.0000 -475073.09 -684.87500 -683.37500 -683.25000 -684.50000 -682.96875 -684.28125 -684.15625 -684.00000 -682.50000 -554.25000 -438.31250 -330.12500 -228.71875 -125.75000 -32.312500 45.687500 116.46875 170.96875 217.56250 250.12500 272.50000 281.03125 203.09375 152.71875 113.59375 83.906250 61.531250 44.343750 30.718750 20.406250 12.500000 7.0312500 3.2812500 1.0312500 0.0000000 -0.093750000 0.71875000 2.0312500 3.8437500 6.0000000 9.7187500 10.718750 13.218750 15.875000 19.906250 21.062500 23.750000 26.718750 29.562500 32.781250 37.656250 41.156250 46.343750 53.062500 57.156250 62.781250 69.906250 74.218750 80.125000 86.093750 92.281250 98.281250 104.56250 110.59375 22.117891
66.2000 -474502.94 -823.25000 -821.81250 -821.37500 -821.90625 -820.50000 -821.00000 -820.59375 -820.12500 -818.71875 -692.71875 -576.43750 -467.62500 -367.93750 -266.34375 -174.03125 -95.718750 -27.937500 27.500000 72.968750 104.40625 125.34375 133.21875 99.718750 76.031250 56.281250 40.406250 28.312500 19.093750 11.718750 6.4687500 2.7187500 0.40625000 -0.62500000 -0.75000000 0.0000000 1.4062500 3.3437500 5.7187500 8.2812500 11.093750 14.968750 16.968750 19.875000 22.781250 26.687500 28.593750 31.406250 34.656250 37.750000 41.093750 45.687500 49.968750 55.312500 61.687500 66.343750 72.093750 78.812500 83.718750 89.687500 95.718750 101.84375 108.03125 114.21875 120.34375 22.141157
66.4000 -474129.12 20.625000 22.593750 23.437500 23.156250 25.156250 24.812500 25.625000 26.468750 28.468750 154.03125 270.65625 379.25000 478.34375 580.03125 671.28125 749.62500 817.59375 871.53125 917.37500 949.00000 968.81250 976.93750 392.87500 226.65625 145.03125 98.375000 67.656250 46.500000 30.937500 19.812500 11.687500 6.3125000 2.7812500 0.81250000 0.0000000 0.31250000 1.3125000 2.8750000 4.7500000 7.0312500 10.656250 12.062500 14.687500 17.375000 21.156250 22.531250 25.281250 28.218750 31.187500 34.312500 38.968750 42.687500 47.812500 54.218750 58.406250 63.875000 70.625000 75.187500 80.937500 86.812500 92.750000 98.687500 104.75000 110.68750 22.240038
66.6000 -474706.12 -650.62500 -649.21875 -648.65625 -648.96875 -647.53125 -647.81250 -647.25000 -646.68750 -645.28125 -521.68750 -406.65625 -299.81250 -202.40625 -102.21875 -12.781250 63.156250 130.31250 183.46875 226.06250 256.78125 276.28125 283.06250 201.25000 148.90625 109.53125 80.500000 58.562500 41.812500 28.687500 18.750000 11.250000 6.1875000 2.7500000 0.81250000 0.0000000 0.18750000 1.1250000 2.6250000 4.5000000 6.7500000 10.093750 11.750000 14.375000 17.062500 20.656250 22.312500 25.000000 28.062500 30.937500 34.125000 38.468750 42.625000 47.750000 54.000000 58.437500 64.000000 70.593750 75.500000 81.312500 87.312500 93.312500 99.437500 105.56250 111.56250 22.237926
66.8000 -473101.44 -797.96875 -796.65625 -796.43750 -797.25000 -795.90625 -796.81250 -796.56250 -796.31250 -795.00000 -669.84375 -554.78125 -447.78125 -350.18750 -247.37500 -156.59375 -78.437500 -9.9687500 43.968750 89.312500 121.53125 143.34375 151.59375 112.84375 85.781250 63.406250 45.593750 32.156250 21.781250 13.718750 7.6562500 3.5312500 0.96875000 -0.40625000 -0.65625000 0.0000000 1.3437500 3.3437500 5.7187500 8.2500000 11.156250 15.093750 17.031250 20.000000 23.062500 27.125000 28.906250 31.843750 35.093750 38.281250 41.656250 46.406250 50.625000 56.125000 62.718750 67.281250 73.093750 80.031250 84.968750 90.937500 97.093750 103.25000 109.59375 115.84375 122.03125 22.339561
67.0000 -472587.00 -727.62500 -725.75000 -725.03125 -725.40625 -723.50000 -723.93750 -723.21875 -722.46875 -720.59375 -594.68750 -478.34375 -371.12500 -271.90625 -170.15625 -77.937500 -0.78125000 68.000000 121.59375 167.37500 198.31250 219.06250 225.96875 171.12500 132.31250 100.21875 75.000000 55.343750 39.937500 27.656250 18.187500 11.031250 6.0625000 2.7187500 0.81250000 0.0000000 0.25000000 1.2500000 2.8125000 4.7187500 7.0625000 10.687500 12.062500 14.750000 17.437500 21.312500 22.843750 25.625000 28.687500 31.687500 34.937500 39.718750 43.687500 48.937500 55.562500 59.937500 65.656250 72.625000 77.406250 83.375000 89.500000 95.687500 101.87500 108.21875 114.37500 22.277775
67.2000 -475409.09 -622.03125 -619.87500 -619.25000 -620.12500 -617.96875 -618.87500 -618.21875 -617.62500 -615.46875 -490.21875 -375.65625 -268.00000 -170.03125 -68.906250 22.343750 98.718750 166.03125 219.87500 264.03125 294.50000 314.15625 320.12500 244.56250 191.34375 147.53125 112.90625 85.812500 64.250000 46.625000 32.687500 21.562500 13.343750 7.2187500 2.8125000 0.0000000 -1.6250000 -2.1562500 -2.0312500 -1.2812500 0.031250000 3.2187500 3.5312500 5.5625000 7.6562500 11.375000 12.125000 14.375000 17.062500 19.687500 22.625000 27.343750 30.437500 35.312500 41.906250 45.593750 51.062500 58.031250 62.187500 68.031250 73.906250 79.937500 86.000000 92.218750 98.312500 22.211927
67.4000 -472589.59 -751.84375 -749.21875 -748.12500 -748.50000 -745.90625 -746.31250 -745.18750 -744.09375 -741.46875 -615.06250 -499.59375 -390.65625 -291.34375 -188.50000 -96.062500 -17.718750 51.468750 105.71875 151.40625 184.03125 204.84375 212.93750 149.68750 110.09375 79.593750 56.312500 39.500000 26.812500 17.062500 9.9375000 4.8750000 1.7187500 0.031250000 -0.43750000 0.0000000 1.2500000 3.2500000 5.6875000 8.1875000 11.250000 15.718750 17.312500 20.437500 23.500000 28.093750 29.562500 32.625000 36.031250 39.250000 42.812500 48.156250 52.156250 57.812500 65.125000 69.500000 75.437500 83.093750 87.750000 94.031250 100.43750 106.90625 113.34375 119.87500 126.31250 22.226278
67.6000 -473572.44 -804.59375 -803.18750 -802.56250 -802.59375 -801.21875 -801.25000 -800.59375 -799.90625 -798.53125 -672.90625 -555.65625 -446.84375 -347.59375 -244.90625 -152.25000 -73.906250 -5.3437500 51.187500 96.437500 129.34375 151.50000 160.71875 112.78125 82.000000 58.500000 40.968750 27.906250 18.187500 10.718750 5.3750000 1.8125000 -0.31250000 -1.1562500 -1.0312500 0.0000000 1.6875000 3.8750000 6.5000000 9.2812500 12.281250 16.000000 18.406250 21.531250 24.593750 28.375000 30.593750 33.656250 36.937500 40.093750 43.593750 48.093750 52.718750 58.093750 64.500000 69.406250 75.281250 81.812500 87.062500 93.156250 99.312500 105.53125 111.68750 118.09375 124.21875 22.316696
67.8000 -472177.06 -681.21875 -680.15625 -679.43750 -679.00000 -677.96875 -677.53125 -676.78125 -676.03125 -675.00000 -548.37500 -431.21875 -322.62500 -223.34375 -120.21875 -27.375000 52.031250 121.34375 178.25000 223.31250 257.28125 279.90625 290.09375 186.90625 131.62500 94.250000 68.468750 49.031250 34.468750 23.125000 14.718750 8.3750000 4.2500000 1.5937500 0.18750000 0.0000000 0.56250000 1.8125000 3.7500000 5.8750000 8.4062500 11.406250 13.843750 16.656250 19.562500 22.656250 25.187500 28.093750 31.250000 34.312500 37.718750 41.718750 46.687500 52.093750 58.031250 63.468750 69.281250 75.656250 81.406250 87.625000 93.875000 100.21875 106.68750 113.09375 119.50000 22.396820
68.0000 -473529.69 -784.65625 -783.78125 -783.50000 -783.75000 -782.87500 -783.12500 -782.84375 -782.50000 -781.65625 -653.31250 -534.53125 -425.00000 -323.25000 -219.06250 -126.50000 -45.625000 24.875000 81.593750 128.18750 161.84375 184.84375 194.09375 148.31250 114.62500 86.875000 65.156250 47.906250 34.281250 23.343750 15.125000 8.7812500 4.4687500 1.8437500 0.37500000 0.0000000 0.59375000 1.7187500 3.5000000 5.6562500 8.1250000 11.281250 13.468750 16.281250 19.093750 22.437500 24.656250 27.468750 30.656250 33.656250 36.906250 41.093750 45.781250 51.156250 57.125000 62.343750 68.093750 74.437500 79.968750 85.968750 92.156250 98.406250 104.71875 111.03125 117.31250 22.197798
68.2000 -473858.75 -797.62500 -796.34375 -796.15625 -797.03125 -795.78125 -796.65625 -796.40625 -796.21875 -794.96875 -670.59375 -554.84375 -449.31250 -352.12500 -250.43750 -159.46875 -82.031250 -15.500000 38.343750 83.125000 116.18750 135.81250 143.87500 109.84375 85.156250 64.093750 47.000000 33.750000 23.375000 15.062500 9.0000000 4.4687500 1.5625000 0.062500000 -0.43750000 0.0000000 1.1250000 2.9062500 5.1875000 7.6250000 10.406250 14.281250 16.187500 19.156250 22.156250 26.156250 27.906250 30.937500 34.187500 37.312500 40.718750 45.468750 49.750000 55.093750 61.781250 66.500000 72.375000 79.312500 84.343750 90.500000 96.687500 102.93750 109.28125 115.65625 122.00000 22.199259
68.4000 -472222.09 -678.78125 -676.78125 -676.34375 -677.46875 -675.43750 -676.59375 -676.12500 -675.68750 -673.68750 -550.84375 -438.90625 -333.56250 -237.68750 -139.62500 -49.812500 24.906250 89.875000 141.15625 184.06250 213.75000 232.59375 237.25000 176.00000 135.40625 102.62500 76.843750 57.125000 41.656250 29.281250 19.562500 12.156250 6.9687500 3.3125000 1.0625000 0.0000000 -0.062500000 0.68750000 1.9687500 3.7187500 5.8437500 9.6562500 10.593750 13.062500 15.687500 19.843750 20.875000 23.562500 26.562500 29.437500 32.625000 37.687500 41.250000 46.375000 53.343750 57.406250 63.125000 70.375000 74.687500 80.781250 87.000000 93.187500 99.375000 105.78125 112.06250 22.334141
68.6000 -473932.62 725.46875 727.46875 727.93750 726.87500 728.84375 727.78125 728.25000 728.71875 730.71875 852.62500 964.87500 1069.8438 1166.4375 1265.8438 1355.6875 1429.9062 1496.7500 1549.3438 1592.5938 1622.7188 1641.8750 1648.0625 721.75000 415.90625 263.53125 178.59375 123.59375 86.468750 59.500000 40.031250 25.468750 15.312500 8.0312500 3.1562500 0.0000000 -1.6250000 -2.2187500 -1.9062500 -1.0000000 0.43750000 3.7500000 4.2187500 6.3437500 8.6562500 12.562500 13.281250 15.781250 18.531250 21.281250 24.250000 29.093750 32.281250 37.343750 44.093750 47.843750 53.312500 60.468750 64.593750 70.531250 76.468750 82.468750 88.593750 94.718750 100.84375 22.238907
68.8000 -473142.25 -719.65625 -718.31250 -717.46875 -717.15625 -715.81250 -715.46875 -714.59375 -713.75000 -712.46875 -586.46875 -469.93750 -362.59375 -265.31250 -162.84375 -72.500000 4.6562500 72.500000 126.53125 171.12500 201.96875 222.87500 229.84375 171.12500 130.34375 98.125000 73.687500 54.343750 39.312500 27.187500 18.000000 10.906250 6.0625000 2.6875000 0.81250000 0.0000000 0.18750000 1.0000000 2.5625000 4.4375000 6.6250000 9.4687500 11.531250 14.187500 16.812500 19.906250 22.062500 24.812500 27.781250 30.750000 33.968750 38.000000 42.562500 47.750000 53.656250 58.687500 64.312500 70.562500 75.968750 81.875000 88.000000 94.187500 100.40625 106.62500 112.81250 22.225670
69.0000 -473392.88 -833.81250 -832.03125 -831.50000 -832.09375 -830.37500 -830.96875 -830.40625 -829.81250 -828.06250 -703.75000 -588.06250 -480.81250 -383.03125 -281.68750 -190.40625 -112.71875 -44.843750 8.5625000 53.375000 85.562500 105.93750 113.28125 87.000000 67.812500 50.750000 36.375000 25.437500 16.843750 10.125000 5.1875000 1.7187500 -0.31250000 -1.0625000 -1.0000000 0.0000000 1.6875000 3.8125000 6.4375000 9.2500000 12.375000 16.687500 18.687500 21.906250 25.062500 29.437500 31.312500 34.437500 37.812500 41.187500 44.750000 49.875000 54.250000 60.000000 67.062500 71.875000 77.937500 85.343750 90.375000 96.812500 103.31250 109.81250 116.40625 123.06250 129.62500 22.214426
69.2000 -474214.16 -809.75000 -807.65625 -806.87500 -807.40625 -805.31250 -805.84375 -805.06250 -804.28125 -802.18750 -679.78125 -566.81250 -460.62500 -364.28125 -264.90625 -175.53125 -99.625000 -34.062500 18.281250 62.156250 92.687500 112.18750 117.71875 91.718750 72.468750 55.000000 40.031250 28.593750 19.531250 12.343750 6.9062500 2.9687500 0.62500000 -0.59375000 -0.71875000 0.0000000 1.3125000 3.4062500 5.7812500 8.4687500 11.468750 15.812500 17.531250 20.718750 23.843750 28.281250 29.937500 32.968750 36.406250 39.718750 43.218750 48.500000 52.687500 58.406250 65.625000 70.218750 76.343750 83.875000 88.812500 95.156250 101.59375 108.15625 114.78125 121.53125 128.03125 22.206322
69.4000 -472396.22 -317.28125 -315.59375 -314.87500 -315.09375 -313.40625 -313.62500 -312.87500 -312.12500 -310.46875 -185.65625 -69.906250 38.656250 137.84375 239.93750 331.56250 408.81250 477.06250 531.31250 577.62500 608.12500 628.96875 636.71875 452.90625 336.12500 249.93750 188.15625 140.65625 104.37500 75.468750 53.125000 35.437500 22.343750 12.468750 5.1875000 0.0000000 -3.2812500 -5.1250000 -5.9687500 -5.9687500 -5.2812500 -3.0937500 -2.5312500 -0.78125000 1.1562500 4.2500000 5.4375000 7.7812500 10.406250 13.031250 15.968750 20.156250 23.937500 28.906250 35.125000 39.562500 45.281250 52.000000 57.031250 63.156250 69.218750 75.593750 82.031250 88.593750 94.968750 22.332153
69.6000 -473592.91 -664.81250 -662.75000 -662.12500 -662.81250 -660.78125 -661.46875 -660.84375 -660.15625 -658.12500 -535.25000 -423.81250 -318.15625 -222.40625 -122.84375 -33.968750 40.781250 106.31250 158.43750 202.28125 232.25000 250.90625 256.90625 187.40625 142.00000 106.37500 78.968750 58.093750 41.906250 29.093750 19.343750 11.781250 6.5937500 3.0000000 0.96875000 0.0000000 0.031250000 0.87500000 2.3125000 4.0937500 6.2187500 9.8750000 10.968750 13.562500 16.218750 20.125000 21.406250 24.093750 27.062500 29.968750 33.093750 37.875000 41.500000 46.656250 53.375000 57.406250 62.968750 69.968750 74.468750 80.343750 86.281250 92.343750 98.468750 104.62500 110.71875 22.301371
69.8000 -473337.31 -613.28125 -611.37500 -610.87500 -611.68750 -609.81250 -610.65625 -610.12500 -609.59375 -607.75000 -480.96875 -365.78125 -256.65625 -157.90625 -54.531250 37.437500 115.56250 184.43750 238.65625 283.56250 317.21875 337.81250 345.09375 265.50000 208.68750 161.71875 124.68750 95.218750 71.593750 52.187500 36.843750 24.500000 15.312500 8.4062500 3.3750000 0.0000000 -1.8750000 -2.7187500 -2.6875000 -2.0625000 -0.87500000 2.0312500 2.6250000 4.6250000 6.8125000 10.375000 11.250000 13.687500 16.343750 19.031250 22.000000 26.687500 30.062500 35.062500 41.625000 45.718750 51.250000 58.281250 62.812500 68.750000 74.812500 81.062500 87.312500 93.625000 99.937500 22.212875
70.0000 -473466.34 -829.75000 -828.37500 -828.09375 -829.00000 -827.62500 -828.50000 -828.21875 -828.00000 -826.59375 -701.50000 -586.03125 -479.31250 -380.34375 -278.93750 -187.53125 -109.96875 -42.343750 11.687500 56.937500 89.187500 109.71875 117.96875 91.718750 72.281250 54.968750 40.406250 29.187500 20.156250 13.062500 7.6875000 3.7812500 1.2500000 -0.15625000 -0.53125000 0.0000000 1.1562500 2.8125000 4.9687500 7.3125000 9.9687500 13.843750 15.500000 18.281250 21.093750 24.968750 26.562500 29.406250 32.437500 35.468750 38.718750 43.343750 47.312500 52.468750 58.906250 63.218750 68.750000 75.593750 80.156250 86.031250 91.968750 97.968750 103.93750 110.09375 116.03125 22.265163
70.2000 -473335.22 -703.90625 -702.03125 -701.18750 -701.28125 -699.37500 -699.53125 -698.65625 -697.78125 -695.87500 -568.25000 -449.34375 -339.93750 -238.96875 -134.25000 -40.468750 40.000000 110.59375 167.31250 214.40625 248.03125 272.00000 281.50000 219.00000 173.46875 135.40625 105.18750 80.750000 61.093750 44.656250 31.687500 21.156250 13.218750 7.2812500 2.9375000 0.0000000 -1.5312500 -2.2812500 -2.1875000 -1.5000000 -0.37500000 2.0000000 2.7812500 4.6250000 6.6250000 9.6875000 10.750000 13.031250 15.562500 18.000000 20.781250 24.750000 28.187500 32.843750 38.656250 42.687500 47.812500 54.093750 58.562500 64.187500 69.812500 75.562500 81.437500 87.406250 93.187500 22.259684
70.4000 -472932.31 -870.37500 -868.59375 -867.84375 -868.06250 -866.31250 -866.53125 -865.75000 -865.00000 -863.18750 -737.59375 -621.31250 -513.59375 -414.43750 -312.87500 -222.56250 -145.09375 -76.687500 -23.250000 21.031250 52.093750 72.062500 79.062500 59.218750 45.031250 32.281250 21.500000 13.625000 7.6250000 2.9687500 -0.12500000 -2.0625000 -2.8125000 -2.6875000 -1.6562500 0.0000000 2.0937500 4.8125000 7.7500000 10.781250 14.125000 18.343750 20.625000 23.937500 27.125000 31.343750 33.375000 36.500000 39.875000 43.156250 46.750000 51.593750 56.062500 61.625000 68.343750 73.187500 79.125000 86.156250 91.250000 97.531250 103.75000 110.09375 116.40625 122.87500 129.12500 22.317682
70.6000 -472811.41 -848.65625 -846.43750 -845.87500 -846.90625 -844.71875 -845.78125 -845.21875 -844.62500 -842.37500 -715.56250 -599.15625 -489.59375 -388.90625 -286.18750 -193.12500 -113.93750 -43.187500 12.406250 60.375000 93.625000 115.37500 124.75000 94.500000 73.687500 55.312500 39.625000 28.125000 19.187500 12.093750 6.8437500 3.0625000 0.81250000 -0.37500000 -0.62500000 0.0000000 1.2812500 3.0625000 5.2812500 7.6875000 10.375000 14.781250 15.937500 18.781250 21.625000 26.062500 27.093750 29.937500 32.968750 36.031250 39.250000 44.562500 47.937500 53.062500 60.062500 63.812500 69.343750 76.687500 80.687500 86.562500 92.437500 98.375000 104.43750 110.46875 116.43750 22.247000
70.8000 -472145.50 -865.78125 -864.59375 -864.18750 -864.59375 -863.37500 -863.78125 -863.40625 -863.00000 -861.78125 -737.75000 -624.15625 -516.59375 -417.90625 -317.56250 -227.93750 -151.59375 -84.375000 -31.781250 13.125000 43.781250 63.875000 71.125000 53.500000 40.500000 29.031250 19.375000 12.187500 6.6562500 2.4375000 -0.40625000 -2.1250000 -2.7500000 -2.5625000 -1.6250000 0.0000000 2.0625000 4.5937500 7.3750000 10.187500 13.281250 17.125000 19.468750 22.500000 25.500000 29.250000 31.312500 34.250000 37.437500 40.437500 43.750000 48.187500 52.406250 57.593750 63.781250 68.375000 73.937500 80.281250 85.125000 90.843750 96.500000 102.40625 108.34375 114.21875 120.03125 22.259722
71.0000 -472007.56 -790.93750 -789.40625 -789.25000 -790.53125 -788.96875 -790.25000 -790.12500 -789.96875 -788.43750 -665.31250 -551.93750 -446.59375 -350.12500 -250.18750 -160.68750 -85.468750 -18.375000 33.625000 76.906250 107.40625 125.93750 131.75000 103.06250 81.968750 63.000000 46.718750 34.281250 24.250000 16.156250 10.062500 5.4062500 2.3750000 0.62500000 -0.18750000 0.0000000 0.87500000 2.4375000 4.4375000 6.6250000 9.1250000 13.187500 14.500000 17.312500 20.093750 24.281250 25.562500 28.312500 31.437500 34.375000 37.687500 42.656250 46.250000 51.500000 58.281250 62.375000 68.062500 75.156250 79.562500 85.562500 91.531250 97.625000 103.71875 109.93750 116.03125 22.327349
71.2000 -471893.25 -671.65625 -670.12500 -669.87500 -670.90625 -669.34375 -670.40625 -670.12500 -669.90625 -668.34375 -543.28125 -429.06250 -322.21875 -224.50000 -123.90625 -33.531250 42.218750 110.40625 162.65625 204.78125 234.87500 253.81250 259.12500 203.28125 162.00000 126.53125 97.812500 74.718750 56.187500 40.750000 28.531250 18.812500 11.468750 6.1875000 2.4687500 0.0000000 -1.0000000 -1.2812500 -0.71875000 0.31250000 1.8437500 4.8437500 5.6250000 7.7500000 10.000000 13.593750 14.625000 17.062500 19.812500 22.500000 25.468750 30.031250 33.437500 38.375000 44.812500 48.750000 54.187500 61.031250 65.406250 71.187500 77.062500 83.000000 89.125000 95.250000 101.31250 22.335503
71.4000 -472585.72 -856.18750 -855.21875 -854.87500 -855.09375 -854.15625 -854.37500 -853.96875 -853.62500 -852.71875 -728.34375 -613.15625 -505.93750 -407.46875 -306.37500 -216.68750 -139.00000 -72.812500 -18.500000 23.718750 55.750000 74.500000 82.093750 62.218750 47.218750 34.250000 23.687500 15.468750 9.1875000 4.3437500 0.90625000 -1.2812500 -2.2812500 -2.3437500 -1.4687500 0.0000000 2.0312500 4.5312500 7.2812500 10.187500 13.406250 17.000000 19.750000 22.843750 25.968750 29.562500 31.968750 35.000000 38.343750 41.531250 45.031250 49.312500 54.093750 59.625000 65.625000 70.843750 76.593750 82.968750 88.468750 94.406250 100.50000 106.59375 112.84375 119.06250 125.25000 22.344296
71.6000 -473043.44 -811.56250 -809.15625 -808.15625 -808.53125 -806.15625 -806.53125 -805.53125 -804.53125 -802.15625 -676.81250 -562.00000 -454.40625 -354.78125 -252.78125 -161.25000 -83.687500 -14.781250 39.062500 84.781250 116.87500 137.75000 145.56250 114.81250 92.062500 71.468750 53.875000 40.218750 29.125000 20.000000 12.937500 7.5625000 3.8750000 1.4687500 0.18750000 0.0000000 0.50000000 1.6250000 3.3125000 5.3750000 7.7500000 11.562500 12.750000 15.468750 18.125000 22.187500 23.500000 26.312500 29.281250 32.250000 35.437500 40.375000 44.062500 49.312500 56.031250 60.187500 65.812500 72.937500 77.468750 83.437500 89.468750 95.625000 101.81250 108.12500 114.31250 22.350870
71.8000 -473777.28 -800.25000 -798.03125 -796.50000 -795.71875 -793.50000 -792.68750 -791.18750 -789.65625 -787.43750 -664.81250 -550.00000 -444.37500 -346.81250 -247.71875 -158.81250 -82.250000 -16.468750 36.156250 78.906250 110.12500 128.68750 135.68750 104.28125 81.031250 61.093750 45.125000 32.437500 22.437500 14.500000 8.5625000 4.2500000 1.4375000 -0.062500000 -0.50000000 0.0000000 1.1875000 2.8750000 5.0937500 7.5625000 10.312500 13.812500 16.000000 18.906250 21.875000 25.500000 27.562500 30.500000 33.750000 36.781250 40.125000 44.500000 49.000000 54.375000 60.562500 65.437500 71.187500 77.687500 82.875000 88.875000 94.906250 101.12500 107.37500 113.62500 119.81250 22.241840
72.0000 -473303.47 -776.21875 -775.31250 -775.03125 -775.43750 -774.46875 -774.90625 -774.62500 -774.34375 -773.40625 -650.50000 -535.81250 -429.43750 -332.03125 -232.34375 -142.81250 -65.437500 0.87500000 54.718750 97.937500 129.40625 148.90625 156.34375 120.59375 94.093750 71.593750 53.593750 39.281250 27.968750 18.875000 11.906250 6.6562500 3.1562500 1.0625000 0.031250000 0.0000000 0.78125000 2.0625000 3.9687500 6.0312500 8.5312500 11.718750 13.718750 16.343750 19.093750 22.500000 24.531250 27.312500 30.406250 33.312500 36.531250 40.718750 45.031250 50.156250 56.187500 60.937500 66.406250 72.781250 77.843750 83.750000 89.562500 95.593750 101.71875 107.78125 113.81250 22.229706
72.2000 -472369.53 -800.96875 -799.37500 -798.84375 -799.37500 -797.78125 -798.31250 -797.81250 -797.25000 -795.65625 -671.59375 -556.84375 -449.59375 -351.50000 -250.06250 -160.09375 -82.750000 -14.906250 38.468750 82.843750 114.00000 134.62500 141.56250 107.06250 82.468750 61.500000 44.531250 31.562500 21.500000 13.531250 7.6875000 3.5000000 0.87500000 -0.43750000 -0.68750000 0.0000000 1.4062500 3.3750000 5.7812500 8.4687500 11.375000 15.468750 17.406250 20.625000 23.656250 27.812500 29.718750 32.812500 36.156250 39.437500 42.968750 47.937500 52.343750 57.968750 64.875000 69.687500 75.750000 82.906250 88.062500 94.375000 100.84375 107.21875 113.81250 120.43750 126.93750 22.272373
72.4000 -474411.56 -815.31250 -812.21875 -810.65625 -810.62500 -807.53125 -807.46875 -805.90625 -804.34375 -801.31250 -672.90625 -554.59375 -444.09375 -340.96875 -235.56250 -139.15625 -59.031250 14.843750 71.468750 121.18750 157.21875 183.15625 194.28125 152.12500 121.18750 94.125000 71.593750 53.906250 39.718750 28.031250 18.843750 11.656250 6.6562500 3.1875000 1.0312500 0.0000000 -0.15625000 0.59375000 1.9687500 3.6562500 5.7187500 9.5000000 10.531250 13.031250 15.593750 19.687500 20.781250 23.500000 26.406250 29.281250 32.531250 37.437500 41.031250 46.156250 53.125000 57.031250 62.718750 70.031250 74.406250 80.375000 86.500000 92.656250 98.906250 105.21875 111.43750 22.303936
72.6000 -473116.09 -722.90625 -722.06250 -721.68750 -721.78125 -720.93750 -721.03125 -720.65625 -720.28125 -719.46875 -591.59375 -473.40625 -363.12500 -261.93750 -157.43750 -63.031250 17.531250 87.562500 145.53125 193.09375 228.00000 251.28125 262.43750 202.00000 157.75000 121.40625 93.281250 70.343750 52.156250 37.250000 25.562500 16.281250 9.6875000 4.9687500 1.7812500 0.0000000 -0.68750000 -0.46875000 0.53125000 1.9687500 3.9062500 6.5000000 8.3437500 10.750000 13.343750 16.375000 18.468750 21.156250 24.218750 27.093750 30.312500 34.312500 38.937500 44.218750 50.093750 55.343750 61.093750 67.500000 73.031250 79.187500 85.406250 91.718750 98.187500 104.65625 111.06250 22.294548
72.8000 -472056.50 -722.96875 -721.00000 -720.06250 -719.96875 -718.09375 -718.00000 -717.03125 -716.03125 -714.09375 -589.21875 -474.15625 -367.50000 -271.00000 -168.93750 -78.656250 -3.4687500 65.125000 118.12500 161.59375 191.84375 212.43750 219.75000 166.31250 128.43750 97.312500 72.906250 53.812500 38.875000 26.875000 17.718750 10.625000 5.8125000 2.6250000 0.75000000 0.0000000 0.25000000 1.2812500 2.7500000 4.6562500 7.0000000 10.437500 11.968750 14.687500 17.375000 21.000000 22.687500 25.437500 28.531250 31.500000 34.750000 39.312500 43.437500 48.625000 55.000000 59.593750 65.250000 72.062500 76.968750 82.968750 89.093750 95.250000 101.43750 107.78125 114.00000 22.323326
73.0000 -472781.06 -793.81250 -792.00000 -791.31250 -791.71875 -789.87500 -790.28125 -789.59375 -788.87500 -787.06250 -659.34375 -543.34375 -435.21875 -334.59375 -231.03125 -138.28125 -58.500000 11.125000 66.406250 112.28125 146.25000 168.18750 177.12500 128.12500 95.687500 70.093750 50.375000 35.625000 24.531250 15.812500 9.4375000 4.8750000 1.9062500 0.31250000 -0.31250000 0.0000000 1.0000000 2.6250000 4.5625000 6.8125000 9.3125000 12.968750 14.468750 17.187500 19.781250 23.562500 24.937500 27.625000 30.500000 33.312500 36.375000 40.812500 44.437500 49.250000 55.406250 59.312500 64.562500 70.906250 75.187500 80.625000 86.062500 91.593750 97.250000 102.90625 108.46875 22.265215
73.2000 -472702.16 -779.84375 -779.03125 -778.75000 -778.87500 -778.06250 -778.21875 -777.93750 -777.59375 -776.78125 -649.96875 -532.37500 -423.06250 -323.06250 -219.96875 -128.46875 -48.968750 19.375000 74.906250 120.59375 153.15625 174.09375 182.50000 142.87500 112.84375 87.156250 66.656250 49.875000 36.375000 25.375000 16.843750 10.187500 5.5000000 2.4375000 0.68750000 0.0000000 0.28125000 1.3125000 2.8750000 4.8125000 7.1875000 10.156250 12.375000 15.125000 17.875000 21.156250 23.437500 26.281250 29.437500 32.500000 35.906250 40.093750 44.906250 50.375000 56.531250 61.843750 67.812500 74.312500 80.062500 86.375000 92.718750 99.187500 105.75000 112.37500 118.87500 22.245016
73.4000 -473598.69 -788.59375 -787.15625 -786.81250 -787.59375 -786.15625 -786.90625 -786.56250 -786.25000 -784.81250 -659.34375 -543.40625 -434.96875 -336.62500 -234.00000 -142.53125 -64.750000 3.3437500 57.656250 104.06250 136.84375 157.28125 165.71875 122.87500 93.625000 69.625000 50.718750 36.281250 25.156250 16.375000 9.8437500 5.0312500 1.9687500 0.21875000 -0.34375000 0.0000000 1.0312500 2.7187500 4.9687500 7.4375000 10.156250 14.062500 15.781250 18.718750 21.687500 25.687500 27.406250 30.250000 33.500000 36.562500 39.968750 44.812500 48.906250 54.343750 60.937500 65.562500 71.281250 78.281250 83.156250 89.218750 95.375000 101.62500 107.90625 114.21875 120.40625 22.284235
73.6000 -472219.12 -789.21875 -786.81250 -785.46875 -785.21875 -782.78125 -782.56250 -781.21875 -779.87500 -777.46875 -648.68750 -530.12500 -418.43750 -316.62500 -211.50000 -116.65625 -35.125000 36.593750 94.281250 141.03125 177.18750 200.46875 211.25000 165.53125 131.87500 102.93750 79.375000 60.437500 45.187500 32.562500 22.500000 14.500000 8.6875000 4.5937500 1.6875000 0.0000000 -0.62500000 -0.50000000 0.37500000 1.5312500 3.2500000 6.1875000 7.1562500 9.3125000 11.593750 14.968750 16.156250 18.562500 21.250000 23.875000 26.812500 31.062500 34.562500 39.250000 45.375000 49.375000 54.562500 61.062500 65.468750 71.125000 76.843750 82.593750 88.437500 94.375000 100.28125 22.243938
73.8000 -472173.28 -487.90625 -486.43750 -485.84375 -486.12500 -484.65625 -484.90625 -484.28125 -483.68750 -482.21875 -354.46875 -237.62500 -129.21875 -28.343750 75.156250 167.93750 247.59375 316.96875 373.03125 419.65625 453.09375 476.09375 485.18750 303.03125 213.59375 154.65625 114.43750 84.406250 61.781250 43.968750 30.281250 19.625000 11.843750 6.2812500 2.3750000 0.0000000 -1.1562500 -1.3437500 -0.84375000 0.15625000 1.7187500 4.5000000 5.5625000 7.7187500 10.031250 13.281250 14.593750 17.093750 19.812500 22.468750 25.468750 29.593750 33.343750 38.250000 44.250000 48.593750 53.968750 60.531250 65.218750 71.031250 76.875000 82.875000 88.906250 95.000000 101.03125 22.324745
74.0000 -473410.75 -843.03125 -841.65625 -840.90625 -840.68750 -839.34375 -839.12500 -838.34375 -837.56250 -836.21875 -710.50000 -595.50000 -487.75000 -388.71875 -286.75000 -195.84375 -117.75000 -48.312500 7.0000000 51.968750 84.593750 105.87500 115.15625 86.406250 65.312500 47.625000 33.750000 22.875000 14.562500 8.1250000 3.5937500 0.50000000 -1.1250000 -1.6562500 -1.2500000 0.0000000 1.8125000 4.1875000 6.8750000 9.8125000 12.968750 16.656250 19.281250 22.468750 25.687500 29.281250 31.718750 34.781250 38.187500 41.375000 44.875000 49.187500 54.093750 59.562500 65.718750 71.000000 76.843750 83.375000 88.937500 95.000000 101.12500 107.37500 113.68750 120.00000 126.18750 22.321163
74.2000 -472474.44 -852.62500 -850.50000 -850.09375 -851.40625 -849.31250 -850.59375 -850.18750 -849.78125 -847.65625 -724.96875 -611.43750 -505.43750 -409.50000 -309.71875 -220.37500 -146.28125 -79.843750 -28.437500 14.281250 43.906250 61.500000 66.250000 49.375000 37.937500 27.000000 16.812500 9.9062500 4.7187500 0.84375000 -1.8125000 -3.1562500 -3.6250000 -3.1250000 -1.9375000 0.0000000 2.2500000 5.0000000 8.0625000 11.156250 14.406250 19.500000 20.937500 24.187500 27.406250 32.250000 33.500000 36.625000 39.937500 43.156250 46.687500 52.187500 55.812500 61.218750 68.562500 72.437500 78.218750 85.875000 89.968750 95.937500 101.96875 108.06250 114.25000 120.40625 126.50000 22.320604
74.4000 -472630.22 -914.96875 -913.59375 -913.06250 -913.40625 -912.03125 -912.37500 -911.84375 -911.34375 -909.96875 -782.96875 -666.46875 -556.93750 -457.59375 -354.15625 -261.62500 -182.87500 -113.56250 -57.843750 -13.125000 20.656250 41.593750 50.625000 34.687500 23.781250 14.281250 6.3125000 1.0000000 -2.6875000 -5.1875000 -6.4375000 -6.6875000 -6.0000000 -4.6250000 -2.5625000 0.0000000 3.0000000 6.1875000 9.6875000 13.062500 16.718750 21.156250 23.687500 27.000000 30.375000 34.531250 36.687500 39.812500 43.187500 46.500000 50.000000 54.718750 59.125000 64.625000 71.093750 75.718750 81.375000 88.156250 93.000000 98.781250 104.68750 110.68750 116.68750 122.65625 128.56250 22.314400
74.6000 -473801.72 -796.12500 -794.53125 -794.18750 -794.93750 -793.40625 -794.18750 -793.78125 -793.40625 -791.87500 -667.03125 -551.43750 -444.40625 -346.46875 -246.03125 -154.56250 -77.406250 -10.250000 42.937500 86.718750 117.46875 137.09375 143.62500 109.59375 85.312500 64.562500 47.562500 34.531250 24.250000 16.000000 9.7500000 5.1875000 2.1875000 0.50000000 -0.18750000 0.0000000 0.96875000 2.5625000 4.5625000 6.7500000 9.3437500 13.125000 14.687500 17.468750 20.218750 24.062500 25.625000 28.437500 31.437500 34.375000 37.625000 42.218750 46.093750 51.312500 57.687500 62.031250 67.562500 74.312500 78.906250 84.625000 90.562500 96.562500 102.56250 108.59375 114.59375 22.305696
74.8000 -473383.84 -847.40625 -845.25000 -844.93750 -846.40625 -844.28125 -845.75000 -845.40625 -845.09375 -842.93750 -718.15625 -604.06250 -497.12500 -398.96875 -297.34375 -206.46875 -130.46875 -62.343750 -8.5937500 35.531250 67.375000 86.875000 94.531250 69.093750 52.000000 36.843750 23.687500 14.687500 8.0000000 2.8750000 -0.46875000 -2.5000000 -3.3437500 -3.0000000 -1.8750000 0.0000000 2.3125000 5.1250000 8.2500000 11.468750 14.906250 20.156250 21.718750 25.187500 28.500000 33.656250 34.968750 38.187500 41.718750 45.093750 48.750000 54.656250 58.437500 64.156250 71.937500 76.031250 82.125000 90.156250 94.531250 100.81250 107.21875 113.62500 120.18750 126.68750 133.12500 22.238905
75.0000 -473041.09 -794.50000 -792.93750 -792.15625 -792.03125 -790.53125 -790.40625 -789.59375 -788.78125 -787.25000 -658.93750 -541.68750 -431.90625 -331.34375 -228.46875 -134.78125 -55.062500 13.531250 69.593750 114.09375 147.53125 168.15625 176.81250 137.87500 108.65625 83.687500 63.562500 47.250000 34.312500 23.687500 15.500000 9.1875000 4.8750000 2.0625000 0.43750000 0.0000000 0.43750000 1.5312500 3.2812500 5.3437500 7.7500000 11.093750 13.062500 15.812500 18.656250 22.187500 24.250000 27.093750 30.281250 33.312500 36.687500 41.093750 45.718750 51.187500 57.468750 62.562500 68.406250 75.218750 80.562500 86.812500 93.093750 99.562500 106.00000 112.56250 119.00000 22.262743
75.2000 -472685.03 -531.93750 -529.56250 -528.31250 -528.21875 -525.84375 -525.71875 -524.46875 -523.21875 -520.84375 -398.15625 -285.12500 -180.53125 -84.468750 13.937500 101.56250 175.34375 240.28125 290.40625 332.62500 360.40625 377.06250 380.81250 288.62500 223.53125 170.96875 130.62500 98.812500 73.625000 53.281250 37.312500 24.625000 15.312500 8.3125000 3.2812500 0.0000000 -1.8125000 -2.6250000 -2.5000000 -1.8437500 -0.56250000 2.1875000 2.8750000 4.9375000 7.0625000 10.468750 11.562500 13.937500 16.656250 19.312500 22.312500 26.781250 30.343750 35.312500 41.562500 45.687500 51.187500 58.031250 62.625000 68.500000 74.500000 80.562500 86.718750 92.937500 99.093750 22.236574
75.4000 -471963.66 -867.87500 -865.12500 -864.46875 -865.84375 -863.12500 -864.50000 -863.84375 -863.18750 -860.43750 -735.03125 -620.40625 -512.68750 -414.00000 -312.43750 -219.96875 -143.40625 -73.281250 -20.531250 25.375000 56.812500 77.875000 84.593750 63.343750 48.968750 35.375000 22.875000 14.437500 8.0625000 3.1875000 -0.12500000 -2.0937500 -2.9375000 -2.7500000 -1.7812500 0.0000000 2.2500000 5.0000000 8.0000000 11.125000 14.500000 19.937500 21.218750 24.562500 27.843750 33.125000 34.125000 37.312500 40.875000 44.187500 47.812500 53.812500 57.281250 62.937500 70.812500 74.687500 80.625000 88.750000 92.875000 99.031250 105.40625 111.75000 118.12500 124.56250 130.90625 22.228373
75.6000 -472687.53 -367.96875 -366.34375 -365.96875 -366.71875 -365.12500 -365.90625 -365.53125 -365.09375 -363.50000 -240.75000 -127.93750 -21.562500 74.843750 174.03125 263.37500 339.50000 405.62500 458.62500 501.81250 532.56250 551.56250 558.25000 375.06250 267.87500 192.81250 140.78125 102.18750 73.625000 51.500000 34.968750 22.250000 13.281250 6.8750000 2.5625000 0.0000000 -1.0625000 -1.2187500 -0.43750000 0.87500000 2.7500000 6.0000000 7.1875000 9.6875000 12.281250 16.125000 17.468750 20.250000 23.312500 26.281250 29.593750 34.406250 38.468750 43.875000 50.687500 55.250000 61.250000 68.468750 73.437500 79.718750 86.062500 92.593750 99.187500 105.81250 112.31250 22.230099
75.8000 -472186.03 -751.43750 -749.62500 -749.12500 -749.78125 -748.03125 -748.68750 -748.18750 -747.59375 -745.84375 -621.62500 -505.90625 -399.09375 -300.93750 -199.78125 -108.62500 -32.937500 35.250000 88.375000 132.59375 163.59375 183.40625 190.40625 142.53125 109.25000 81.750000 59.937500 43.281250 30.437500 20.187500 12.531250 6.8437500 3.1562500 0.84375000 -0.15625000 0.0000000 0.90625000 2.4687500 4.5937500 6.9687500 9.8437500 13.843750 15.562500 18.562500 21.593750 25.750000 27.437500 30.406250 33.781250 36.968750 40.468750 45.500000 49.718750 55.250000 62.250000 66.906250 72.875000 80.218750 85.187500 91.531250 97.906250 104.34375 110.90625 117.43750 123.93750 22.237671
76.0000 -473513.06 -851.31250 -848.78125 -847.81250 -848.37500 -845.90625 -846.46875 -845.50000 -844.53125 -842.03125 -718.03125 -605.37500 -499.96875 -402.43750 -303.12500 -212.43750 -137.56250 -70.187500 -19.093750 24.781250 54.781250 74.500000 79.718750 59.937500 46.156250 33.343750 22.000000 13.968750 7.8125000 3.1562500 0.0000000 -1.9687500 -2.8125000 -2.6562500 -1.7187500 0.0000000 2.1250000 4.7500000 7.6875000 10.687500 14.000000 18.812500 20.531250 23.750000 26.937500 31.625000 33.000000 36.187500 39.562500 42.875000 46.437500 51.781250 55.625000 61.156250 68.375000 72.562500 78.437500 85.968750 90.437500 96.562500 102.68750 108.87500 115.18750 121.50000 127.75000 22.265896
76.2000 -474086.06 -828.81250 -826.37500 -825.46875 -826.15625 -823.68750 -824.37500 -823.43750 -822.59375 -820.09375 -694.21875 -579.15625 -470.96875 -371.06250 -268.59375 -176.96875 -99.281250 -30.906250 23.593750 69.375000 101.62500 122.62500 129.71875 100.96875 80.187500 61.500000 45.406250 33.156250 23.500000 15.593750 9.6250000 5.2187500 2.2187500 0.46875000 -0.28125000 0.0000000 0.90625000 2.4687500 4.4375000 6.7187500 9.2812500 13.437500 14.656250 17.468750 20.218750 24.500000 25.718750 28.562500 31.656250 34.656250 37.968750 43.093750 46.656250 51.968750 58.875000 62.906250 68.625000 75.937500 80.343750 86.312500 92.468750 98.531250 104.81250 111.09375 117.31250 22.157949
76.4000 -474343.44 -899.96875 -898.75000 -898.46875 -898.96875 -897.78125 -898.34375 -897.96875 -897.65625 -896.53125 -769.71875 -653.65625 -544.87500 -445.06250 -341.90625 -249.50000 -171.34375 -101.53125 -46.281250 0.87500000 33.781250 56.718750 65.968750 50.031250 38.250000 27.406250 18.281250 11.406250 6.0625000 2.0312500 -0.78125000 -2.4062500 -3.0625000 -2.7812500 -1.7187500 0.0000000 2.0937500 4.7812500 7.6562500 10.625000 13.968750 18.000000 20.406250 23.593750 26.906250 30.781250 33.031250 36.031250 39.468750 42.750000 46.250000 50.906250 55.500000 61.093750 67.593750 72.562500 78.500000 85.343750 90.593750 96.718750 103.03125 109.28125 115.65625 122.09375 128.34375 22.166065
76.6000 -474033.47 -691.12500 -689.75000 -689.25000 -689.59375 -688.18750 -688.53125 -688.03125 -687.53125 -686.15625 -560.09375 -443.40625 -334.96875 -236.28125 -133.62500 -41.250000 37.062500 105.21875 160.43750 204.93750 237.34375 258.96875 267.00000 210.53125 168.03125 131.81250 102.75000 78.906250 59.656250 43.531250 30.687500 20.312500 12.593750 6.8125000 2.6875000 0.0000000 -1.4375000 -2.0000000 -1.6875000 -0.81250000 0.62500000 3.1562500 4.1875000 6.3125000 8.4375000 11.593750 13.000000 15.468750 18.125000 20.812500 23.812500 27.937500 31.750000 36.812500 42.781250 47.312500 52.812500 59.343750 64.250000 70.125000 76.125000 82.312500 88.500000 94.812500 101.00000 22.233553
76.8000 -472630.47 -698.40625 -695.53125 -693.50000 -692.25000 -689.37500 -688.18750 -686.15625 -684.09375 -681.21875 -556.43750 -440.65625 -334.75000 -236.12500 -135.37500 -45.156250 32.906250 99.437500 153.09375 196.87500 229.78125 248.84375 257.28125 195.06250 151.34375 115.93750 88.437500 66.625000 49.312500 35.281250 24.312500 15.500000 9.3125000 4.8125000 1.8125000 0.0000000 -0.65625000 -0.53125000 0.31250000 1.6250000 3.3750000 6.0937500 7.4375000 9.6875000 12.000000 15.187500 16.718750 19.250000 21.968750 24.687500 27.687500 31.781250 35.750000 40.656250 46.531250 51.000000 56.437500 62.781250 67.562500 73.312500 79.250000 85.187500 91.156250 97.250000 103.28125 22.304449
77.0000 -472088.12 -799.53125 -798.25000 -797.53125 -797.34375 -796.06250 -795.90625 -795.18750 -794.46875 -793.18750 -668.78125 -554.81250 -448.09375 -349.93750 -249.00000 -158.25000 -80.781250 -14.062500 41.062500 84.906250 117.25000 137.96875 146.87500 111.28125 85.312500 63.687500 46.750000 33.312500 23.000000 14.781250 8.8125000 4.2812500 1.5312500 -0.031250000 -0.46875000 0.0000000 1.1875000 2.9687500 5.1875000 7.5625000 10.250000 13.625000 15.843750 18.843750 21.656250 25.062500 27.312500 30.125000 33.250000 36.312500 39.656250 43.812500 48.281250 53.562500 59.468750 64.406250 70.062500 76.343750 81.500000 87.343750 93.250000 99.312500 105.37500 111.46875 117.43750 22.317976
77.2000 -473081.88 -638.78125 -636.28125 -635.71875 -637.06250 -634.53125 -635.90625 -635.34375 -634.81250 -632.28125 -506.09375 -391.31250 -282.25000 -183.87500 -82.125000 10.218750 87.468750 156.40625 209.93750 255.00000 287.31250 307.62500 314.78125 239.87500 187.34375 143.71875 108.93750 82.187500 60.968750 43.593750 30.218750 19.656250 11.906250 6.3437500 2.4375000 0.0000000 -1.0312500 -1.2500000 -0.62500000 0.50000000 2.1250000 5.9687500 6.2187500 8.4687500 10.781250 15.093750 15.656250 18.093750 20.937500 23.687500 26.718750 32.093750 34.968750 40.093750 47.187500 50.718750 56.343750 63.875000 67.750000 73.593750 79.625000 85.718750 91.843750 98.156250 104.28125 22.242922
77.4000 -472293.91 -739.28125 -736.12500 -735.15625 -736.37500 -733.18750 -734.37500 -733.37500 -732.34375 -729.18750 -601.59375 -485.68750 -377.31250 -276.90625 -173.84375 -80.781250 -2.8125000 67.812500 121.40625 168.34375 201.25000 221.93750 229.68750 180.75000 145.46875 114.12500 87.500000 66.875000 50.250000 36.375000 25.375000 16.562500 10.000000 5.3125000 2.0625000 0.0000000 -0.81250000 -0.81250000 -0.18750000 1.0625000 2.7500000 6.8125000 6.6875000 8.9375000 11.218750 15.812500 15.875000 18.375000 21.125000 23.906250 26.875000 32.406250 35.000000 40.000000 47.406250 50.500000 56.062500 63.906250 67.406250 73.312500 79.281250 85.375000 91.562500 97.875000 103.93750 22.256639
77.6000 -472320.25 -581.59375 -579.96875 -579.46875 -580.09375 -578.40625 -579.03125 -578.53125 -578.03125 -576.37500 -450.00000 -334.21875 -225.56250 -127.18750 -24.187500 68.250000 144.93750 214.03125 268.90625 312.68750 344.53125 366.09375 373.31250 291.93750 231.84375 181.37500 141.43750 108.87500 82.781250 61.031250 43.687500 29.500000 18.812500 10.562500 4.3750000 0.0000000 -2.8125000 -4.4375000 -5.0625000 -5.0000000 -4.3125000 -2.0312500 -1.7187500 -0.062500000 1.8125000 4.8437500 5.7187500 7.8750000 10.312500 12.812500 15.468750 19.656250 22.968750 27.687500 33.843750 37.687500 43.000000 49.593750 54.000000 59.750000 65.593750 71.562500 77.562500 83.687500 89.750000 22.263933
77.8000 -472730.81 -743.00000 -741.34375 -740.50000 -740.46875 -738.78125 -738.78125 -737.93750 -737.06250 -735.43750 -609.93750 -493.65625 -384.84375 -285.93750 -183.71875 -91.875000 -13.906250 54.093750 109.37500 154.25000 186.25000 206.90625 214.81250 170.31250 136.43750 107.00000 83.000000 63.343750 47.437500 34.156250 23.625000 15.187500 9.0625000 4.6250000 1.7500000 0.0000000 -0.65625000 -0.43750000 0.43750000 1.8125000 3.5312500 6.4375000 7.8125000 10.093750 12.468750 15.812500 17.437500 20.031250 22.875000 25.687500 28.812500 33.062500 37.062500 42.187500 48.312500 53.000000 58.531250 65.187500 70.125000 76.125000 82.125000 88.375000 94.625000 101.00000 107.18750 22.265734
78.0000 -474812.84 -718.62500 -717.59375 -717.40625 -718.00000 -717.00000 -717.59375 -717.40625 -717.18750 -716.18750 -590.87500 -475.68750 -369.21875 -271.68750 -171.03125 -81.000000 -4.3125000 61.843750 114.31250 157.18750 187.62500 205.31250 211.81250 164.18750 129.25000 99.718750 76.250000 57.375000 42.250000 29.875000 20.250000 12.687500 7.3125000 3.5625000 1.1250000 0.0000000 -0.18750000 0.31250000 1.5312500 3.1250000 5.2187500 8.2500000 9.8125000 12.312500 14.843750 18.187500 19.906250 22.625000 25.531250 28.406250 31.562500 35.812500 40.000000 45.187500 51.281250 56.000000 61.562500 68.093750 73.250000 79.250000 85.312500 91.437500 97.656250 103.96875 110.18750 22.224726
78.2000 -474268.25 -806.03125 -803.40625 -801.68750 -800.96875 -798.34375 -797.59375 -795.93750 -794.28125 -791.62500 -667.96875 -554.62500 -448.93750 -352.00000 -251.21875 -162.15625 -86.062500 -19.343750 34.031250 77.562500 108.68750 128.25000 135.62500 101.81250 77.656250 57.468750 41.250000 28.937500 19.406250 11.875000 6.3437500 2.5000000 0.25000000 -0.81250000 -0.87500000 0.0000000 1.5000000 3.5937500 6.1250000 8.8125000 11.937500 15.906250 18.156250 21.250000 24.437500 28.406250 30.625000 33.687500 37.000000 40.312500 43.937500 48.593750 53.250000 58.968750 65.656250 70.625000 76.687500 83.718750 89.093750 95.375000 101.75000 108.25000 114.75000 121.25000 127.78125 22.224377
78.4000 -473913.88 -775.53125 -773.90625 -772.84375 -772.25000 -770.65625 -770.09375 -769.03125 -767.93750 -766.34375 -642.37500 -528.28125 -420.87500 -324.00000 -222.93750 -133.09375 -55.906250 10.656250 63.906250 107.68750 140.15625 160.40625 168.56250 129.46875 100.31250 76.062500 56.875000 41.531250 29.468750 19.750000 12.468750 6.9687500 3.2187500 1.0312500 -0.031250000 0.0000000 0.71875000 2.1875000 4.1250000 6.3125000 8.8437500 12.000000 14.218750 17.031250 19.843750 23.125000 25.312500 28.125000 31.250000 34.281250 37.593750 41.687500 46.343750 51.593750 57.500000 62.531250 68.218750 74.437500 79.750000 85.656250 91.718750 97.781250 103.90625 110.09375 116.21875 22.220501
78.6000 -472574.66 -677.28125 -676.59375 -676.34375 -676.56250 -675.84375 -676.09375 -675.84375 -675.59375 -674.84375 -553.68750 -441.40625 -338.00000 -243.09375 -144.68750 -58.156250 15.812500 79.531250 129.96875 171.71875 200.00000 217.53125 222.46875 167.90625 128.96875 97.625000 73.531250 54.437500 39.468750 27.375000 18.250000 11.093750 6.1562500 2.8437500 0.78125000 0.0000000 0.031250000 0.84375000 2.3437500 4.0625000 6.2812500 9.0312500 11.031250 13.468750 16.031250 19.125000 21.218750 23.906250 26.781250 29.656250 32.750000 36.656250 41.093750 46.125000 51.875000 56.781250 62.218750 68.468750 73.656250 79.531250 85.406250 91.375000 97.531250 103.59375 109.65625 22.385422
78.8000 -473581.59 -762.59375 -760.37500 -759.93750 -761.18750 -759.00000 -760.21875 -759.75000 -759.25000 -757.12500 -633.34375 -519.96875 -414.21875 -316.50000 -214.90625 -124.37500 -48.437500 19.312500 72.125000 116.34375 148.84375 167.68750 175.43750 137.25000 109.34375 84.625000 63.718750 47.562500 34.687500 24.156250 15.968750 9.7812500 5.3125000 2.3437500 0.62500000 0.0000000 0.28125000 1.1875000 2.7187500 4.5312500 6.8437500 10.875000 11.687500 14.250000 16.937500 21.187500 22.031250 24.781250 27.750000 30.593750 33.750000 38.875000 42.125000 47.250000 54.187500 57.937500 63.500000 70.843750 75.000000 80.843750 86.750000 92.750000 98.937500 105.03125 111.12500 22.345417
79.0000 -472337.03 -650.12500 -648.21875 -648.03125 -649.50000 -647.62500 -649.09375 -648.90625 -648.68750 -646.81250 -522.68750 -408.62500 -302.25000 -205.75000 -105.37500 -15.000000 60.281250 126.50000 178.53125 220.87500 251.31250 269.31250 274.43750 210.25000 165.09375 127.40625 97.000000 73.375000 54.562500 39.187500 27.156250 17.562500 10.625000 5.5625000 2.1250000 0.0000000 -0.93750000 -0.96875000 -0.28125000 0.93750000 2.6250000 6.0937500 6.5312500 8.8125000 11.187500 15.156250 15.937500 18.375000 21.187500 24.000000 27.000000 31.937500 35.031250 40.062500 46.843750 50.500000 55.937500 63.218750 67.281250 73.156250 79.062500 85.093750 91.250000 97.375000 103.43750 22.238649
79.2000 -472370.59 -654.15625 -651.84375 -650.68750 -650.75000 -648.43750 -648.50000 -647.37500 -646.21875 -643.90625 -519.28125 -405.21875 -298.90625 -201.50000 -100.56250 -9.5000000 66.531250 133.31250 187.06250 231.00000 262.25000 280.78125 287.40625 206.31250 154.43750 114.87500 85.312500 62.843750 45.625000 31.875000 21.437500 13.375000 7.7500000 3.8125000 1.3125000 0.0000000 -0.18750000 0.37500000 1.5625000 3.0937500 5.0937500 8.4687500 9.5000000 11.968750 14.375000 18.125000 19.343750 21.968750 24.812500 27.593750 30.687500 35.125000 38.750000 43.750000 50.093750 54.125000 59.562500 66.312500 70.718750 76.500000 82.281250 88.250000 94.218750 100.25000 106.18750 22.248388
79.4000 -473609.03 -747.65625 -745.28125 -744.50000 -745.28125 -742.90625 -743.71875 -742.90625 -742.12500 -739.81250 -613.65625 -498.40625 -389.65625 -291.06250 -189.06250 -96.531250 -19.625000 49.468750 103.21875 148.87500 181.37500 201.28125 208.93750 164.06250 131.09375 102.15625 78.031250 59.125000 43.781250 31.312500 21.312500 13.437500 7.9062500 3.8750000 1.3125000 0.0000000 -0.50000000 0.0000000 1.0625000 2.5625000 4.6250000 8.4062500 9.1250000 11.625000 14.125000 18.281250 19.156250 21.812500 24.812500 27.625000 30.812500 35.968750 39.281250 44.500000 51.406250 55.406250 61.093750 68.468750 72.875000 78.875000 85.062500 91.312500 97.687500 104.00000 110.37500 22.316317
79.6000 -473741.66 -695.65625 -693.15625 -692.53125 -693.75000 -691.28125 -692.46875 -691.81250 -691.21875 -688.71875 -562.65625 -447.84375 -339.34375 -241.18750 -138.68750 -45.843750 30.593750 100.03125 154.18750 199.06250 231.28125 252.34375 259.40625 201.81250 160.65625 125.53125 96.562500 73.937500 55.687500 40.500000 28.437500 18.687500 11.562500 6.1875000 2.3750000 0.0000000 -1.1875000 -1.5625000 -1.1250000 -0.18750000 1.2500000 4.7187500 4.8125000 6.8750000 9.1250000 13.125000 13.625000 16.000000 18.687500 21.406250 24.343750 29.406250 32.187500 37.125000 44.093750 47.500000 52.937500 60.375000 64.250000 70.125000 76.062500 82.156250 88.312500 94.500000 100.68750 22.282713
79.8000 -473153.00 -472.56250 -469.43750 -467.31250 -466.18750 -463.06250 -461.90625 -459.78125 -457.65625 -454.53125 -329.75000 -215.09375 -107.37500 -8.9687500 93.312500 184.68750 261.15625 328.93750 382.78125 428.37500 460.09375 480.75000 489.21875 345.68750 256.12500 190.18750 142.81250 106.50000 78.750000 56.625000 39.562500 26.062500 16.281250 8.8437500 3.5625000 0.0000000 -2.0625000 -3.1250000 -3.1875000 -2.6875000 -1.6250000 0.81250000 1.5937500 3.5000000 5.5000000 8.5625000 9.7500000 12.093750 14.625000 17.125000 19.937500 24.125000 27.625000 32.375000 38.375000 42.500000 47.812500 54.250000 58.875000 64.562500 70.312500 76.218750 82.250000 88.250000 94.250000 22.284117
80.0000 -472536.09 -757.75000 -755.78125 -754.50000 -753.90625 -751.93750 -751.34375 -750.09375 -748.81250 -746.87500 -621.96875 -505.81250 -397.21875 -297.40625 -194.96875 -103.18750 -24.125000 43.625000 99.906250 144.96875 178.50000 199.31250 209.00000 158.43750 122.71875 93.500000 70.875000 52.687500 38.375000 26.812500 17.812500 10.875000 6.0625000 2.7812500 0.81250000 0.0000000 0.093750000 0.87500000 2.2500000 4.1250000 6.3750000 9.3125000 11.187500 13.750000 16.406250 19.718750 21.593750 24.375000 27.375000 30.281250 33.500000 37.687500 42.000000 47.281250 53.312500 58.187500 63.875000 70.343750 75.562500 81.562500 87.625000 93.812500 100.06250 106.37500 112.62500 22.363607
80.2000 -474211.53 -829.93750 -827.37500 -826.53125 -827.40625 -824.84375 -825.68750 -824.87500 -824.03125 -821.43750 -696.84375 -582.87500 -475.90625 -378.09375 -277.21875 -186.84375 -110.53125 -42.062500 10.875000 55.593750 86.750000 106.68750 113.25000 86.875000 68.062500 51.062500 36.250000 25.406250 16.937500 10.218750 5.3437500 1.9375000 -0.093750000 -0.96875000 -0.93750000 0.0000000 1.5625000 3.6250000 6.0625000 8.8125000 11.812500 16.312500 17.750000 20.750000 23.812500 28.375000 29.625000 32.625000 35.843750 39.000000 42.437500 47.781250 51.343750 56.687500 63.937500 67.906250 73.687500 81.187500 85.375000 91.375000 97.500000 103.62500 109.84375 116.06250 122.18750 22.259604
80.4000 -472882.41 -744.81250 -742.15625 -740.78125 -740.78125 -738.12500 -738.09375 -736.71875 -735.37500 -732.75000 -605.93750 -489.28125 -381.37500 -281.96875 -179.65625 -87.062500 -9.3437500 59.187500 114.15625 159.25000 190.53125 210.87500 217.84375 169.65625 134.59375 104.59375 80.062500 60.656250 45.093750 32.281250 22.250000 14.218750 8.4062500 4.2812500 1.5937500 0.0000000 -0.59375000 -0.31250000 0.59375000 1.9062500 3.7187500 6.9062500 7.7812500 10.031250 12.281250 15.968750 16.937500 19.468750 22.156250 24.812500 27.750000 32.343750 35.656250 40.531250 46.875000 50.750000 56.031250 62.812500 67.093750 72.750000 78.468750 84.343750 90.281250 96.281250 102.15625 22.302858
80.6000 -473392.88 -711.59375 -709.18750 -708.62500 -709.96875 -707.56250 -708.87500 -708.34375 -707.81250 -705.37500 -581.68750 -470.71875 -364.90625 -267.56250 -168.12500 -78.875000 -4.5625000 61.875000 112.34375 154.90625 185.06250 202.06250 206.53125 157.59375 123.21875 93.906250 69.750000 51.437500 37.062500 25.500000 16.562500 9.8125000 5.1875000 2.1875000 0.50000000 0.0000000 0.40625000 1.5625000 3.3750000 5.4375000 7.8750000 12.343750 13.250000 16.062500 18.937500 23.718750 24.625000 27.500000 30.750000 33.906250 37.343750 42.968750 46.468750 52.000000 59.625000 63.437500 69.562500 77.468750 81.812500 88.125000 94.562500 101.00000 107.56250 114.15625 120.68750 22.184490
80.8000 -473895.38 -871.12500 -869.53125 -869.28125 -870.40625 -868.81250 -869.90625 -869.68750 -869.43750 -867.84375 -739.96875 -623.96875 -515.25000 -414.06250 -310.00000 -217.18750 -137.46875 -67.000000 -11.031250 35.531250 69.031250 90.750000 100.00000 75.500000 58.281250 42.968750 29.906250 20.375000 12.968750 7.1250000 3.0937500 0.21875000 -1.2812500 -1.7187500 -1.2187500 0.0000000 1.7500000 3.9375000 6.5000000 9.2812500 12.312500 16.656250 18.343750 21.437500 24.437500 28.781250 30.312500 33.343750 36.562500 39.656250 43.125000 48.125000 52.062500 57.500000 64.312500 68.500000 74.343750 81.468750 86.000000 91.937500 98.062500 104.18750 110.37500 116.62500 122.68750 22.214256
81.0000 -473042.66 -749.28125 -748.84375 -748.62500 -748.59375 -748.21875 -748.15625 -747.96875 -747.75000 -747.34375 -621.93750 -505.34375 -398.31250 -298.78125 -198.00000 -108.40625 -30.656250 35.125000 89.406250 132.18750 163.53125 181.31250 188.75000 149.50000 118.96875 93.031250 72.406250 55.062500 40.968750 29.312500 19.968750 12.656250 7.3437500 3.6562500 1.3125000 0.0000000 -0.34375000 0.15625000 1.3125000 2.9062500 4.8437500 7.1250000 9.2500000 11.656250 14.156250 16.875000 19.218750 21.781250 24.718750 27.531250 30.656250 34.250000 39.031250 44.156250 49.656250 55.000000 60.656250 66.437500 72.218750 78.187500 84.218750 90.406250 96.656250 102.96875 109.21875 22.227201
81.2000 -472752.03 -645.00000 -644.84375 -644.50000 -643.96875 -643.81250 -643.28125 -642.93750 -642.59375 -642.43750 -517.03125 -399.12500 -291.68750 -192.68750 -90.343750 -0.15625000 79.312500 146.65625 202.53125 246.28125 278.84375 300.31250 309.46875 231.03125 176.00000 133.25000 101.84375 76.343750 56.406250 40.281250 27.781250 17.906250 10.781250 5.5937500 2.0937500 0.0000000 -0.90625000 -0.96875000 -0.31250000 0.84375000 2.5312500 4.1250000 6.4062500 8.6562500 10.968750 13.062500 15.656250 18.093750 20.843750 23.531250 26.500000 29.562500 34.468750 39.406250 44.281250 49.718750 55.093750 60.468750 66.281250 72.031250 77.781250 83.781250 89.781250 95.843750 101.84375 22.362259
81.4000 -473136.50 -826.87500 -825.21875 -824.62500 -825.09375 -823.43750 -823.90625 -823.31250 -822.71875 -821.09375 -696.46875 -580.06250 -472.03125 -372.93750 -270.87500 -178.65625 -100.68750 -32.781250 21.718750 66.375000 98.312500 118.71875 126.68750 95.687500 73.656250 54.843750 39.593750 27.875000 18.812500 11.625000 6.3750000 2.6250000 0.31250000 -0.81250000 -0.84375000 0.0000000 1.3750000 3.3750000 5.8125000 8.3437500 11.250000 15.218750 17.218750 20.218750 23.125000 27.125000 28.937500 31.906250 35.125000 38.250000 41.687500 46.343750 50.562500 56.000000 62.562500 67.125000 72.906250 79.812500 84.750000 90.687500 96.750000 102.96875 109.21875 115.43750 121.62500 22.352966
81.6000 -473388.22 -888.37500 -886.21875 -885.37500 -885.90625 -883.78125 -884.25000 -883.46875 -882.65625 -880.46875 -752.40625 -634.43750 -524.46875 -422.84375 -318.18750 -223.75000 -143.15625 -71.843750 -15.343750 32.062500 66.531250 89.093750 98.687500 73.218750 55.531250 39.968750 26.937500 17.593750 10.406250 5.0000000 1.3125000 -1.1250000 -2.1875000 -2.3125000 -1.5000000 0.0000000 2.0312500 4.5937500 7.4062500 10.468750 13.625000 18.156250 20.062500 23.218750 26.375000 30.843750 32.468750 35.593750 38.875000 42.125000 45.500000 50.656250 54.625000 60.125000 67.125000 71.406250 77.187500 84.468750 89.062500 95.031250 101.18750 107.37500 113.56250 119.78125 125.90625 22.334347
81.8000 -473125.75 -495.15625 -492.46875 -491.93750 -493.53125 -490.84375 -492.46875 -491.93750 -491.40625 -488.71875 -367.81250 -258.12500 -154.84375 -60.875000 36.687500 123.81250 195.56250 259.71875 308.71875 350.53125 378.15625 394.25000 397.53125 273.71875 202.34375 150.25000 111.65625 83.218750 61.343750 43.906250 30.437500 19.843750 12.187500 6.4687500 2.5000000 0.0000000 -1.1562500 -1.4687500 -1.0312500 -0.093750000 1.3750000 5.2500000 5.0312500 7.1562500 9.3437500 13.687500 13.781250 16.093750 18.812500 21.406250 24.343750 29.687500 32.125000 36.937500 44.031250 47.031250 52.343750 60.000000 63.406250 69.093750 74.875000 80.687500 86.593750 92.687500 98.593750 22.255405
82.0000 -474652.16 -809.78125 -807.40625 -807.06250 -808.81250 -806.40625 -808.18750 -807.84375 -807.53125 -805.12500 -680.15625 -565.90625 -458.78125 -359.68750 -258.43750 -166.46875 -90.281250 -21.093750 32.375000 77.437500 109.68750 130.06250 137.25000 105.56250 83.281250 63.093750 45.562500 32.812500 22.687500 14.656250 8.6875000 4.2500000 1.5625000 -0.062500000 -0.53125000 0.0000000 1.0625000 2.9375000 5.0937500 7.5000000 10.281250 15.093750 15.906250 18.875000 21.750000 26.718750 27.500000 30.375000 33.562500 36.656250 40.000000 45.656250 48.812500 54.250000 61.718750 65.312500 71.031250 78.906250 82.750000 88.750000 94.812500 101.00000 107.25000 113.50000 119.62500 22.299776
82.2000 -473059.09 -732.90625 -730.78125 -730.06250 -730.75000 -728.65625 -729.31250 -728.59375 -727.90625 -725.75000 -600.78125 -487.90625 -380.87500 -284.15625 -183.28125 -93.062500 -18.156250 47.843750 99.875000 142.34375 172.71875 190.43750 195.43750 154.15625 123.56250 96.562500 73.781250 55.906250 41.375000 29.437500 20.000000 12.593750 7.3125000 3.5625000 1.2187500 0.0000000 -0.12500000 0.46875000 1.7187500 3.4062500 5.4687500 9.2187500 10.125000 12.687500 15.312500 19.406250 20.531250 23.250000 26.312500 29.281250 32.562500 37.593750 41.250000 46.593750 53.593750 57.812500 63.625000 71.031250 75.625000 81.875000 88.156250 94.562500 101.03125 107.56250 114.03125 22.252773
82.4000 -474882.47 -869.81250 -866.62500 -865.50000 -866.50000 -863.25000 -864.25000 -863.09375 -862.00000 -858.78125 -736.81250 -624.81250 -519.09375 -422.15625 -324.15625 -233.78125 -160.03125 -93.343750 -41.468750 2.7187500 33.812500 51.312500 57.125000 35.781250 23.500000 12.812500 3.3125000 -1.9687500 -5.5312500 -7.7187500 -8.7187500 -8.5312500 -7.3750000 -5.5625000 -3.0312500 0.0000000 3.2812500 6.9062500 10.781250 14.562500 18.593750 24.500000 26.156250 29.968750 33.468750 39.062500 40.281250 43.718750 47.406250 50.937500 54.718750 60.937500 64.593750 70.468750 78.500000 82.406250 88.500000 96.687500 100.87500 107.12500 113.46875 119.87500 126.21875 132.65625 138.96875 22.241560
82.6000 -473970.69 -748.25000 -746.09375 -745.46875 -746.43750 -744.21875 -745.18750 -744.56250 -743.96875 -741.75000 -617.78125 -504.37500 -397.34375 -300.06250 -199.96875 -109.28125 -32.406250 35.031250 87.875000 131.93750 163.56250 184.18750 190.75000 150.87500 121.50000 95.437500 73.437500 56.093750 41.968750 30.281250 20.937500 13.500000 8.1250000 4.1562500 1.5000000 0.0000000 -0.50000000 -0.25000000 0.62500000 1.8750000 3.5625000 7.0000000 7.5000000 9.7500000 12.000000 15.875000 16.562500 18.937500 21.687500 24.312500 27.250000 31.937500 34.937500 39.781250 46.312500 49.812500 55.062500 62.000000 65.968750 71.562500 77.312500 83.093750 88.937500 94.937500 100.78125 22.168055
82.8000 -472592.97 -817.81250 -816.12500 -815.43750 -815.65625 -813.96875 -814.18750 -813.50000 -812.78125 -811.09375 -688.28125 -575.34375 -469.03125 -373.06250 -273.03125 -184.40625 -108.84375 -43.875000 8.1562500 51.281250 81.406250 99.093750 104.59375 80.000000 61.937500 46.062500 32.812500 22.687500 14.812500 8.5625000 4.0937500 0.96875000 -0.75000000 -1.4375000 -1.0937500 0.0000000 1.6250000 3.8750000 6.4687500 9.2187500 12.218750 16.093750 18.281250 21.375000 24.437500 28.406250 30.375000 33.406250 36.687500 39.812500 43.250000 47.937500 52.312500 57.656250 64.218750 69.000000 74.718750 81.625000 86.593750 92.625000 98.718750 104.93750 111.21875 117.43750 123.59375 22.255285
83.0000 -474538.50 -564.65625 -563.31250 -562.75000 -562.96875 -561.59375 -561.81250 -561.25000 -560.68750 -559.31250 -432.18750 -314.81250 -206.03125 -104.90625 -1.8437500 91.750000 170.50000 240.37500 297.00000 343.40625 376.25000 399.28125 408.40625 302.93750 232.34375 177.53125 136.40625 103.71875 77.968750 56.937500 40.375000 27.000000 17.000000 9.5000000 3.8750000 0.0000000 -2.2500000 -3.5625000 -3.9062500 -3.5000000 -2.6250000 -0.46875000 0.31250000 2.1875000 4.1875000 7.0312500 8.3437500 10.625000 13.156250 15.687500 18.500000 22.468750 26.250000 31.062500 36.906250 41.250000 46.687500 53.000000 57.937500 63.750000 69.687500 75.687500 81.875000 88.125000 94.218750 22.234579
83.2000 -473291.16 -447.71875 -445.15625 -444.53125 -445.96875 -443.37500 -444.78125 -444.21875 -443.59375 -441.03125 -316.46875 -203.34375 -97.250000 2.1562500 101.12500 192.31250 267.56250 336.28125 387.28125 432.50000 461.96875 482.00000 486.75000 281.25000 187.65625 129.03125 89.875000 62.968750 43.625000 29.125000 18.562500 10.750000 5.5937500 2.3125000 0.53125000 0.0000000 0.43750000 1.6875000 3.5000000 5.6250000 8.1875000 12.875000 13.625000 16.500000 19.406250 24.218750 25.062500 27.968750 31.125000 34.312500 37.750000 43.406250 46.687500 52.250000 59.781250 63.625000 69.531250 77.468750 81.656250 87.812500 94.062500 100.43750 106.84375 113.31250 119.68750 22.203671
83.4000 -472641.94 -803.75000 -801.15625 -800.18750 -800.90625 -798.28125 -798.96875 -798.03125 -797.06250 -794.46875 -668.56250 -553.15625 -446.06250 -347.06250 -244.78125 -152.71875 -76.500000 -7.6562500 46.500000 91.031250 121.90625 142.50000 148.75000 101.56250 73.500000 51.750000 34.781250 22.937500 14.187500 7.6250000 3.0000000 0.0000000 -1.5625000 -2.0312500 -1.4062500 0.0000000 1.9375000 4.4062500 7.2500000 10.250000 13.531250 18.437500 20.093750 23.375000 26.687500 31.500000 32.937500 36.156250 39.625000 42.968750 46.656250 52.312500 56.125000 61.875000 69.437500 73.687500 79.718750 87.562500 92.125000 98.375000 104.78125 111.25000 117.81250 124.31250 130.78125 22.266663
83.6000 -472995.41 -767.90625 -766.18750 -765.34375 -765.40625 -763.68750 -763.78125 -762.93750 -762.12500 -760.40625 -635.34375 -519.40625 -411.31250 -312.84375 -210.71875 -119.21875 -41.750000 24.781250 78.906250 122.06250 154.43750 173.78125 180.56250 140.43750 110.71875 85.312500 64.718750 48.250000 35.187500 24.500000 16.281250 9.8125000 5.4062500 2.3125000 0.65625000 0.0000000 0.25000000 1.2187500 2.6875000 4.5937500 6.8125000 10.062500 11.625000 14.250000 16.843750 20.375000 22.062500 24.750000 27.750000 30.593750 33.843750 38.281250 42.375000 47.437500 53.718750 58.250000 63.812500 70.500000 75.312500 81.218750 87.187500 93.281250 99.468750 105.65625 111.75000 22.261446
83.8000 -473447.28 -829.21875 -826.78125 -825.84375 -826.34375 -823.93750 -824.43750 -823.50000 -822.53125 -820.09375 -695.59375 -580.37500 -474.21875 -375.65625 -274.43750 -183.59375 -107.59375 -40.531250 12.718750 57.250000 88.500000 108.62500 115.43750 89.125000 70.218750 53.093750 38.437500 27.406250 18.625000 11.750000 6.6250000 2.9375000 0.62500000 -0.50000000 -0.68750000 0.0000000 1.2500000 3.1250000 5.4375000 7.9375000 10.687500 14.968750 16.500000 19.343750 22.281250 26.718750 28.000000 30.937500 34.093750 37.156250 40.562500 45.656250 49.437500 54.750000 61.718750 65.906250 71.625000 78.906250 83.406250 89.437500 95.562500 101.71875 107.93750 114.25000 120.43750 22.211420
84.0000 -473463.09 -791.46875 -789.09375 -788.15625 -788.65625 -786.31250 -786.81250 -785.87500 -784.93750 -782.56250 -652.93750 -534.53125 -423.53125 -321.43750 -215.59375 -120.09375 -38.718750 32.375000 88.718750 136.56250 171.65625 194.21875 203.75000 163.56250 133.06250 105.59375 82.312500 63.562500 48.125000 35.062500 24.718750 16.218750 9.8750000 5.2500000 1.9375000 0.0000000 -0.93750000 -1.0312500 -0.50000000 0.68750000 2.2500000 5.5000000 6.0625000 8.2500000 10.531250 14.250000 15.125000 17.562500 20.312500 23.062500 26.062500 30.781250 34.125000 39.062500 45.750000 49.656250 55.187500 62.250000 66.562500 72.500000 78.625000 84.750000 90.906250 97.218750 103.43750 22.219572
84.2000 -473219.66 -515.21875 -513.00000 -512.25000 -512.81250 -510.65625 -511.21875 -510.43750 -509.62500 -507.46875 -385.90625 -274.53125 -170.34375 -75.125000 22.156250 110.56250 184.62500 249.75000 299.90625 342.06250 371.34375 388.78125 393.90625 264.15625 188.18750 134.31250 96.437500 68.875000 48.500000 32.875000 21.343750 12.812500 6.9687500 3.1250000 0.93750000 0.0000000 0.18750000 1.1875000 2.7812500 4.8125000 7.3125000 11.218750 12.562500 15.343750 18.187500 22.312500 23.750000 26.625000 29.812500 32.937500 36.312500 41.375000 45.281250 50.750000 57.750000 62.125000 68.000000 75.375000 80.125000 86.312500 92.562500 99.000000 105.37500 111.93750 118.28125 22.264210
84.4000 -472780.34 -744.09375 -742.09375 -741.84375 -743.31250 -741.34375 -742.78125 -742.53125 -742.25000 -740.28125 -616.15625 -502.75000 -396.09375 -300.09375 -199.09375 -108.62500 -33.406250 33.125000 86.437500 130.84375 161.96875 181.59375 188.81250 144.68750 113.46875 86.625000 64.406250 47.625000 34.281250 23.593750 15.468750 9.1562500 4.8750000 2.0312500 0.46875000 0.0000000 0.43750000 1.4375000 3.0937500 5.0312500 7.3125000 11.468750 12.250000 14.843750 17.500000 21.843750 22.750000 25.406250 28.375000 31.218750 34.375000 39.593750 42.812500 47.906250 54.906250 58.562500 64.031250 71.406250 75.312500 81.187500 87.062500 93.062500 99.062500 105.12500 111.09375 22.167131
84.6000 -473251.44 -765.59375 -763.65625 -763.03125 -763.62500 -761.71875 -762.28125 -761.62500 -760.96875 -759.03125 -633.78125 -518.90625 -412.18750 -312.93750 -211.28125 -120.78125 -42.343750 25.437500 79.031250 123.71875 156.15625 175.96875 183.53125 147.68750 120.46875 95.937500 75.062500 58.000000 44.000000 32.125000 22.562500 14.812500 9.0625000 4.7500000 1.8125000 0.0000000 -0.75000000 -0.81250000 -0.12500000 1.0000000 2.6250000 5.7187500 6.4687500 8.6875000 10.937500 14.437500 15.625000 17.937500 20.687500 23.406250 26.375000 30.843750 34.437500 39.375000 45.687500 49.812500 55.406250 62.218750 66.687500 72.625000 78.625000 84.750000 90.968750 97.281250 103.50000 22.284241
84.8000 -473126.94 -748.25000 -745.75000 -744.40625 -744.21875 -741.75000 -741.56250 -740.18750 -738.84375 -736.34375 -612.81250 -498.87500 -392.62500 -296.12500 -195.65625 -105.53125 -29.937500 37.375000 89.750000 133.87500 164.87500 183.90625 190.62500 125.87500 88.812500 62.000000 42.531250 28.625000 18.343750 10.625000 5.1250000 1.5312500 -0.53125000 -1.3125000 -1.1562500 0.0000000 1.7500000 4.0625000 6.7187500 9.6250000 12.843750 17.062500 19.125000 22.375000 25.562500 29.750000 31.625000 34.750000 38.187500 41.500000 45.093750 50.000000 54.375000 60.062500 66.875000 71.625000 77.625000 84.718750 89.750000 95.937500 102.31250 108.65625 115.00000 121.50000 127.84375 22.275496
85.0000 -473157.81 -864.62500 -861.78125 -861.06250 -862.46875 -859.59375 -861.06250 -860.34375 -859.62500 -856.78125 -731.71875 -618.37500 -510.93750 -412.56250 -311.46875 -219.28125 -143.93750 -75.125000 -21.375000 24.281250 55.625000 75.468750 81.875000 62.062500 48.781250 35.906250 23.906250 15.812500 9.5000000 4.7187500 1.2500000 -0.87500000 -1.9062500 -2.0625000 -1.4062500 0.0000000 1.9375000 4.3125000 7.0000000 9.7500000 12.750000 17.843750 18.843750 21.843750 24.812500 29.843750 30.625000 33.593750 36.750000 39.812500 43.093750 48.812500 51.812500 57.031250 64.562500 67.937500 73.500000 81.187500 84.875000 90.625000 96.500000 102.43750 108.46875 114.37500 120.34375 22.287037
85.2000 -472885.31 -583.56250 -581.90625 -581.53125 -582.43750 -580.81250 -581.68750 -581.31250 -580.93750 -579.28125 -451.43750 -334.09375 -224.43750 -122.96875 -18.718750 74.968750 155.09375 225.15625 280.06250 327.53125 361.65625 383.62500 392.59375 266.25000 191.12500 137.62500 99.687500 71.843750 51.312500 35.250000 23.437500 14.437500 8.2187500 4.0000000 1.2812500 0.0000000 -0.18750000 0.37500000 1.6250000 3.3125000 5.3750000 8.8750000 10.031250 12.468750 15.000000 18.750000 20.000000 22.656250 25.562500 28.375000 31.500000 36.125000 39.687500 44.687500 51.125000 55.187500 60.593750 67.406250 71.812500 77.500000 83.375000 89.281250 95.250000 101.25000 107.18750 22.303614
85.4000 -472901.03 -750.43750 -748.50000 -748.06250 -749.15625 -747.21875 -748.34375 -747.90625 -747.46875 -745.50000 -619.62500 -504.00000 -396.65625 -297.71875 -195.28125 -102.34375 -24.718750 43.687500 98.781250 144.28125 177.21875 197.46875 205.50000 161.71875 129.53125 101.34375 77.812500 59.187500 44.156250 31.750000 21.875000 14.062500 8.3750000 4.2812500 1.5625000 0.0000000 -0.62500000 -0.28125000 0.56250000 1.9687500 3.6875000 7.0937500 7.7812500 10.062500 12.375000 16.093750 17.031250 19.500000 22.250000 24.937500 27.812500 32.562500 35.843750 40.718750 47.156250 50.875000 56.250000 63.156250 67.312500 73.000000 78.812500 84.687500 90.625000 96.593750 102.56250 22.296495
85.6000 -473339.91 -634.00000 -631.81250 -630.90625 -631.25000 -629.06250 -629.40625 -628.50000 -627.56250 -625.37500 -497.50000 -380.46875 -270.78125 -170.37500 -66.500000 27.093750 106.18750 175.31250 230.90625 276.71875 310.25000 331.34375 340.06250 230.81250 166.59375 120.53125 87.656250 63.625000 45.531250 31.437500 20.906250 12.875000 7.4062500 3.5625000 1.2500000 0.0000000 -0.12500000 0.40625000 1.6250000 3.0937500 5.0000000 8.3437500 9.1875000 11.437500 13.843750 17.468750 18.500000 20.937500 23.593750 26.187500 29.093750 33.531250 36.687500 41.375000 47.437500 51.125000 56.156250 62.593750 66.500000 71.812500 77.250000 82.812500 88.375000 93.937500 99.437500 22.262701
85.8000 -473283.28 -706.65625 -705.93750 -705.71875 -705.87500 -705.18750 -705.37500 -705.12500 -704.84375 -704.15625 -577.96875 -460.31250 -351.71875 -251.15625 -148.96875 -55.718750 23.906250 94.281250 150.09375 196.31250 230.03125 252.43750 262.53125 208.12500 166.62500 131.34375 103.37500 79.968750 60.843750 44.781250 31.875000 21.406250 13.500000 7.4687500 3.0000000 0.0000000 -1.7500000 -2.5937500 -2.6875000 -2.1562500 -1.1250000 0.62500000 1.7500000 3.5000000 5.3125000 7.7500000 9.3437500 11.437500 13.875000 16.187500 18.875000 22.250000 26.031250 30.562500 35.687500 40.062500 45.125000 50.750000 55.500000 60.937500 66.437500 72.062500 77.750000 83.562500 89.250000 22.250048
86.0000 -473381.56 -752.25000 -749.71875 -748.81250 -749.46875 -746.93750 -747.56250 -746.65625 -745.71875 -743.21875 -616.68750 -502.15625 -394.21875 -294.84375 -193.15625 -100.40625 -22.125000 45.656250 101.40625 147.12500 180.09375 202.40625 210.93750 165.56250 132.46875 103.75000 79.718750 60.781250 45.562500 32.906250 22.875000 14.812500 8.9687500 4.6562500 1.7500000 0.0000000 -0.56250000 -0.43750000 0.31250000 1.5625000 3.2187500 6.6562500 7.1875000 9.4375000 11.687500 15.531250 16.312500 18.750000 21.437500 24.125000 27.062500 31.937500 34.906250 39.875000 46.468750 50.125000 55.531250 62.562500 66.687500 72.375000 78.187500 84.125000 90.187500 96.312500 102.28125 22.265095
86.2000 -473253.50 -821.21875 -819.62500 -819.25000 -820.03125 -818.46875 -819.28125 -818.87500 -818.50000 -816.90625 -693.21875 -579.96875 -473.50000 -375.46875 -274.96875 -185.40625 -109.03125 -42.031250 11.031250 54.843750 85.562500 105.00000 112.28125 86.750000 68.156250 51.500000 37.375000 26.562500 18.062500 11.312500 6.2500000 2.6250000 0.43750000 -0.59375000 -0.75000000 0.0000000 1.3750000 3.3750000 5.5937500 8.1875000 11.000000 14.968750 16.812500 19.750000 22.750000 26.843750 28.437500 31.312500 34.531250 37.625000 41.062500 45.875000 49.937500 55.312500 61.937500 66.375000 72.062500 79.156250 83.875000 89.812500 95.937500 102.09375 108.37500 114.62500 120.75000 22.322208
86.4000 -474343.56 -878.25000 -877.09375 -876.46875 -876.40625 -875.28125 -875.18750 -874.56250 -873.93750 -872.84375 -747.75000 -631.81250 -525.50000 -427.03125 -326.25000 -235.68750 -158.31250 -90.906250 -37.312500 7.5937500 39.625000 59.468750 67.812500 50.093750 36.906250 25.500000 16.406250 9.4375000 4.1250000 0.31250000 -2.3125000 -3.7500000 -4.0000000 -3.3750000 -2.0312500 0.0000000 2.4375000 5.3125000 8.4375000 11.687500 15.125000 19.062500 21.937500 25.187500 28.500000 32.250000 34.843750 38.031250 41.531250 44.843750 48.437500 52.812500 57.812500 63.437500 69.625000 75.093750 80.937500 87.468750 93.031250 99.250000 105.50000 111.75000 118.06250 124.37500 130.68750 22.275116
86.6000 -473616.22 -816.28125 -814.34375 -813.37500 -813.21875 -811.34375 -811.25000 -810.25000 -809.25000 -807.31250 -681.53125 -566.53125 -459.18750 -360.71875 -259.59375 -169.34375 -92.281250 -24.781250 29.156250 73.000000 104.15625 124.34375 131.56250 100.18750 77.531250 58.281250 42.687500 30.625000 21.125000 13.562500 8.0000000 3.8750000 1.2187500 -0.18750000 -0.56250000 0.0000000 1.0937500 2.8125000 4.9375000 7.2187500 9.8125000 13.406250 15.281250 18.062500 20.812500 24.500000 26.312500 29.062500 32.125000 35.062500 38.312500 42.593750 46.687500 51.812500 57.968750 62.312500 67.812500 74.281250 78.968750 84.687500 90.531250 96.312500 102.31250 108.25000 114.12500 22.203991
86.8000 -473602.19 -782.96875 -781.37500 -780.71875 -781.03125 -779.46875 -779.78125 -779.12500 -778.50000 -776.87500 -652.84375 -537.03125 -429.68750 -332.00000 -229.78125 -139.65625 -61.187500 5.3437500 58.812500 103.53125 135.43750 155.50000 162.65625 118.12500 88.343750 64.593750 46.500000 32.781250 22.312500 14.187500 8.2812500 4.0312500 1.3750000 -0.031250000 -0.46875000 0.0000000 1.1562500 2.9062500 5.0312500 7.4062500 10.031250 13.593750 15.468750 18.156250 21.000000 24.656250 26.406250 29.156250 32.156250 35.031250 38.281250 42.656250 46.656250 51.718750 57.781250 62.218750 67.562500 73.968750 78.593750 84.312500 90.093750 95.781250 101.65625 107.59375 113.34375 22.213669
87.0000 -474413.19 -779.59375 -778.12500 -777.75000 -778.28125 -776.87500 -777.43750 -777.00000 -776.59375 -775.12500 -649.71875 -533.21875 -425.71875 -326.71875 -224.31250 -132.65625 -54.187500 14.968750 69.718750 116.34375 149.81250 171.53125 181.12500 122.00000 87.062500 61.406250 42.593750 28.906250 18.781250 11.093750 5.6250000 1.8125000 -0.25000000 -1.1875000 -1.0625000 0.0000000 1.6250000 3.9375000 6.5937500 9.4375000 12.500000 16.656250 18.875000 22.000000 25.187500 29.281250 31.437500 34.500000 37.937500 41.187500 44.812500 49.656250 54.250000 59.875000 66.687500 71.593750 77.625000 84.781250 90.062500 96.312500 102.75000 109.18750 115.68750 122.18750 128.68750 22.257381
87.2000 -474184.28 -893.12500 -890.62500 -888.93750 -887.96875 -885.46875 -884.53125 -882.81250 -881.09375 -878.59375 -751.78125 -635.71875 -525.93750 -425.81250 -322.90625 -230.50000 -151.81250 -82.562500 -26.093750 19.906250 52.562500 74.031250 83.406250 63.593750 48.937500 35.906250 24.968750 16.656250 10.218750 5.2187500 1.6562500 -0.65625000 -1.8437500 -2.0000000 -1.4062500 0.0000000 1.9062500 4.2812500 6.9687500 9.7812500 12.906250 16.812500 19.093750 22.250000 25.312500 29.062500 31.156250 34.218750 37.531250 40.656250 44.156250 48.687500 53.156250 58.656250 64.968750 69.843750 75.593750 82.250000 87.406250 93.406250 99.562500 105.68750 111.81250 118.18750 124.28125 22.260983
87.4000 -473510.72 -767.93750 -766.68750 -765.81250 -765.37500 -764.09375 -763.68750 -762.81250 -761.93750 -760.68750 -635.12500 -518.00000 -409.96875 -310.25000 -206.65625 -115.87500 -37.093750 31.062500 85.875000 131.03125 162.50000 183.34375 191.75000 146.56250 113.56250 86.500000 65.437500 48.500000 35.093750 24.187500 15.843750 9.5000000 5.0937500 2.1562500 0.50000000 0.0000000 0.31250000 1.3125000 3.0000000 4.8750000 7.2500000 10.062500 12.218750 14.875000 17.562500 20.687500 22.906250 25.562500 28.687500 31.531250 34.843750 38.750000 43.375000 48.562500 54.312500 59.437500 65.000000 71.218750 76.687500 82.562500 88.625000 94.718750 100.87500 107.18750 113.28125 22.235666
87.6000 -473041.03 -801.15625 -797.71875 -795.96875 -795.93750 -792.53125 -792.43750 -790.68750 -788.96875 -785.53125 -660.78125 -545.06250 -437.93750 -338.62500 -237.15625 -145.21875 -67.968750 0.71875000 54.125000 100.12500 130.84375 150.78125 157.53125 122.90625 97.843750 75.343750 56.281250 41.656250 29.968750 20.531250 13.250000 7.7187500 3.9062500 1.5000000 0.28125000 0.0000000 0.56250000 1.8437500 3.5937500 5.6562500 8.0937500 12.281250 13.156250 15.906250 18.656250 23.062500 24.062500 26.781250 29.906250 32.843750 36.093750 41.343750 44.656250 49.906250 57.000000 60.906250 66.531250 73.968750 78.093750 84.156250 90.156250 96.343750 102.46875 108.78125 114.90625 22.268572
87.8000 -474270.56 5441.3125 5443.5312 5444.0000 5442.7500 5444.9688 5443.7500 5444.2188 5444.7188 5446.9062 5573.0625 5688.2500 5796.6250 5895.1250 5997.7188 6090.8438 6168.3125 6237.9688 6292.4062 6339.0000 6372.2188 6393.1250 6401.7812 891.62500 410.81250 248.31250 169.15625 120.00000 86.562500 61.562500 43.000000 28.500000 18.000000 10.031250 4.1562500 0.0000000 -2.5312500 -3.9375000 -4.4375000 -4.3750000 -3.6562500 -0.81250000 -1.1875000 0.40625000 2.1875000 5.8125000 5.9687500 8.0625000 10.375000 12.750000 15.250000 19.937500 22.437500 26.843750 33.250000 36.343750 41.343750 48.250000 51.718750 57.250000 62.843750 68.375000 74.125000 79.937500 85.718750 22.248098
88.0000 -474775.62 -749.03125 -747.25000 -746.37500 -746.28125 -744.50000 -744.40625 -743.46875 -742.56250 -740.78125 -613.96875 -498.78125 -391.65625 -293.15625 -190.93750 -100.03125 -22.500000 44.843750 98.406250 142.28125 174.65625 194.03125 201.56250 157.12500 124.00000 95.781250 73.187500 54.812500 40.312500 28.406250 19.062500 11.781250 6.6562500 3.0937500 1.0000000 0.0000000 0.0000000 0.71875000 2.1250000 3.8750000 6.0625000 9.2500000 10.937500 13.562500 16.187500 19.687500 21.437500 24.187500 27.187500 30.125000 33.437500 37.812500 42.125000 47.375000 53.625000 58.375000 64.156250 70.812500 76.062500 82.125000 88.406250 94.562500 100.93750 107.31250 113.68750 22.235493
88.2000 -473107.47 -784.65625 -783.15625 -783.03125 -784.46875 -782.87500 -784.31250 -784.21875 -784.15625 -782.65625 -657.03125 -541.09375 -432.84375 -333.40625 -229.37500 -136.62500 -58.500000 11.968750 67.593750 114.25000 149.12500 171.53125 181.28125 144.93750 117.68750 92.875000 71.781250 54.906250 41.093750 29.593750 20.343750 13.031250 7.7187500 3.8750000 1.4062500 0.0000000 -0.40625000 0.0000000 1.0312500 2.4687500 4.2812500 7.7500000 8.4687500 10.781250 13.218750 17.125000 18.031250 20.593750 23.468750 26.156250 29.250000 34.000000 37.343750 42.406250 49.000000 52.937500 58.468750 65.562500 69.843750 75.718750 81.718750 87.750000 93.843750 100.09375 106.21875 22.288383
88.4000 -472808.78 -782.90625 -780.75000 -780.00000 -780.68750 -778.53125 -779.21875 -778.46875 -777.75000 -775.59375 -651.03125 -535.50000 -428.03125 -331.12500 -228.87500 -138.34375 -61.781250 5.1562500 58.000000 102.46875 133.75000 153.09375 159.78125 123.06250 97.125000 74.718750 56.062500 41.812500 30.375000 21.031250 13.875000 8.3125000 4.4375000 1.9062500 0.46875000 0.0000000 0.31250000 1.3437500 2.8750000 4.6250000 6.8125000 10.468750 11.437500 13.875000 16.437500 20.218750 21.281250 23.906250 26.687500 29.375000 32.437500 37.156250 40.500000 45.437500 51.843750 55.593750 60.875000 67.718750 71.812500 77.437500 83.187500 88.937500 94.750000 100.68750 106.46875 22.290392
88.6000 -472934.09 -822.93750 -821.31250 -820.81250 -821.37500 -819.71875 -820.31250 -819.78125 -819.28125 -817.65625 -690.50000 -573.65625 -464.25000 -363.50000 -260.37500 -167.78125 -88.781250 -19.937500 36.406250 82.187500 115.15625 137.21875 145.50000 116.28125 94.031250 73.968750 56.875000 43.125000 31.937500 22.625000 15.281250 9.4375000 5.3750000 2.5000000 0.75000000 0.0000000 0.093750000 0.81250000 2.0000000 3.6875000 5.5625000 8.7187500 9.8125000 12.125000 14.500000 18.031250 19.187500 21.656250 24.312500 27.000000 29.875000 34.062500 37.500000 42.312500 48.281250 52.125000 57.312500 63.656250 67.906250 73.375000 78.906250 84.500000 90.187500 95.937500 101.62500 22.290260
88.8000 -473793.22 -798.28125 -797.65625 -797.53125 -797.93750 -797.31250 -797.65625 -797.56250 -797.40625 -796.81250 -672.03125 -557.75000 -450.87500 -353.00000 -252.71875 -163.00000 -86.937500 -21.406250 32.000000 74.437500 105.28125 125.06250 131.71875 101.59375 78.843750 59.406250 43.968750 31.500000 21.718750 13.875000 8.0625000 3.8437500 1.1875000 -0.21875000 -0.65625000 0.0000000 1.3437500 3.1875000 5.5312500 8.0937500 11.062500 14.406250 16.968750 19.968750 23.093750 26.625000 29.156250 32.281250 35.562500 38.781250 42.343750 46.593750 51.593750 57.218750 63.500000 68.906250 74.937500 81.468750 87.281250 93.593750 100.03125 106.50000 113.09375 119.65625 126.15625 22.231264
89.0000 -473939.00 -860.62500 -859.15625 -858.53125 -858.84375 -857.37500 -857.65625 -857.03125 -856.46875 -854.93750 -727.90625 -610.81250 -501.18750 -401.31250 -297.96875 -206.12500 -126.87500 -58.218750 -2.6875000 43.156250 75.343750 96.468750 105.62500 80.937500 62.750000 46.687500 33.437500 23.187500 15.187500 8.9375000 4.3750000 1.1875000 -0.59375000 -1.2500000 -1.0625000 0.0000000 1.6562500 3.7812500 6.3437500 9.0625000 12.187500 16.000000 18.187500 21.250000 24.375000 28.250000 30.250000 33.281250 36.500000 39.687500 43.125000 47.750000 52.250000 57.625000 64.125000 68.937500 74.687500 81.500000 86.562500 92.593750 98.687500 105.00000 111.12500 117.43750 123.62500 22.236181
89.2000 -473752.12 -625.81250 -625.06250 -624.90625 -625.31250 -624.56250 -625.00000 -624.84375 -624.68750 -623.93750 -497.28125 -380.31250 -270.87500 -170.28125 -66.468750 26.125000 105.34375 175.43750 232.03125 278.06250 311.00000 333.62500 343.62500 256.87500 197.43750 150.65625 115.53125 87.375000 65.312500 47.187500 33.125000 21.843750 13.500000 7.2500000 2.8750000 0.0000000 -1.5625000 -2.0625000 -1.8125000 -1.0000000 0.37500000 2.5625000 3.9375000 6.0937500 8.1875000 11.093750 12.812500 15.187500 17.906250 20.625000 23.625000 27.437500 31.656250 36.625000 42.500000 47.250000 52.750000 59.000000 64.250000 70.250000 76.250000 82.375000 88.687500 94.968750 101.18750 22.231382
89.4000 -473062.28 -831.15625 -829.75000 -829.25000 -829.71875 -828.25000 -828.71875 -828.21875 -827.71875 -826.28125 -699.18750 -582.65625 -474.59375 -374.84375 -270.93750 -178.93750 -99.937500 -30.062500 25.000000 70.750000 103.68750 124.43750 134.21875 105.81250 84.156250 64.968750 48.937500 36.062500 25.875000 17.500000 11.062500 6.1875000 2.9375000 0.90625000 0.031250000 0.0000000 0.81250000 2.2187500 4.1875000 6.3125000 8.8125000 12.406250 14.125000 16.906250 19.687500 23.281250 25.156250 27.937500 31.000000 34.031250 37.312500 41.812500 46.031250 51.312500 57.656250 62.375000 68.000000 74.625000 79.562500 85.656250 91.687500 97.843750 104.03125 110.28125 116.50000 22.225243
89.6000 -473327.09 -766.96875 -765.15625 -764.15625 -763.90625 -762.12500 -761.87500 -760.84375 -759.81250 -757.96875 -632.09375 -515.90625 -408.09375 -309.31250 -206.28125 -115.68750 -36.750000 31.718750 86.875000 130.46875 163.40625 183.68750 192.18750 148.93750 116.87500 89.750000 68.187500 50.937500 37.156250 25.968750 17.343750 10.656250 6.0000000 2.7500000 0.87500000 0.0000000 0.093750000 0.81250000 2.1562500 3.8125000 5.8750000 8.9062500 10.437500 12.843750 15.187500 18.468750 20.125000 22.625000 25.375000 28.125000 31.062500 35.093750 39.000000 43.812500 49.656250 53.906250 59.187500 65.281250 69.906250 75.437500 81.062500 86.687500 92.468750 98.187500 103.96875 22.296577
89.8000 -474394.22 -673.00000 -671.68750 -671.37500 -672.06250 -670.75000 -671.40625 -671.12500 -670.78125 -669.50000 -543.40625 -427.34375 -319.65625 -220.56250 -118.37500 -26.812500 50.312500 119.06250 173.25000 218.59375 250.00000 270.56250 277.71875 200.46875 151.28125 113.65625 85.343750 63.500000 46.562500 33.000000 22.468750 14.250000 8.3750000 4.1875000 1.5312500 0.0000000 -0.56250000 -0.28125000 0.62500000 2.0000000 3.6875000 6.7187500 7.6875000 9.9062500 12.187500 15.468750 16.750000 19.125000 21.812500 24.406250 27.250000 31.406250 34.968750 39.562500 45.531250 49.468750 54.562500 60.906250 65.250000 70.687500 76.250000 81.875000 87.562500 93.312500 99.000000 22.286720
90.0000 -473221.09 -873.53125 -872.43750 -872.43750 -873.50000 -872.34375 -873.43750 -873.43750 -873.40625 -872.25000 -749.15625 -634.46875 -527.56250 -429.18750 -328.65625 -238.15625 -160.25000 -92.437500 -39.093750 5.6250000 38.375000 59.281250 67.593750 50.843750 38.812500 27.718750 18.187500 11.218750 5.8750000 1.8437500 -0.90625000 -2.5312500 -3.0937500 -2.7812500 -1.7812500 0.0000000 2.0937500 4.7187500 7.5937500 10.531250 13.718750 17.875000 19.906250 23.000000 26.093750 30.187500 32.093750 35.093750 38.343750 41.500000 44.906250 49.656250 53.781250 59.093750 65.593750 70.031250 75.656250 82.500000 87.156250 93.093750 99.031250 104.96875 111.06250 117.09375 123.09375 22.227226
90.2000 -473670.88 -793.12500 -790.87500 -790.25000 -791.34375 -789.03125 -790.12500 -789.53125 -788.90625 -786.68750 -660.53125 -544.34375 -435.28125 -334.43750 -231.90625 -138.68750 -59.875000 9.8437500 64.718750 110.75000 143.15625 165.34375 172.84375 134.03125 106.06250 81.500000 60.968750 45.218750 32.656250 22.562500 14.781250 8.7187500 4.5937500 1.9687500 0.46875000 0.0000000 0.34375000 1.5312500 3.0312500 5.0312500 7.3437500 11.343750 12.281250 14.781250 17.468750 21.718750 22.687500 25.343750 28.281250 31.156250 34.343750 39.375000 42.656250 47.718750 54.625000 58.343750 63.781250 71.031250 75.156250 80.875000 86.781250 92.718750 98.750000 104.78125 110.71875 22.250460
90.4000 -473882.81 -806.34375 -804.56250 -804.25000 -805.56250 -803.71875 -805.00000 -804.71875 -804.46875 -802.68750 -680.37500 -567.03125 -462.37500 -365.68750 -267.03125 -178.62500 -103.96875 -38.500000 12.156250 55.312500 84.281250 102.03125 106.50000 80.500000 62.343750 46.250000 32.437500 22.406250 14.625000 8.5312500 4.1875000 1.1562500 -0.50000000 -1.1875000 -0.96875000 0.0000000 1.5625000 3.6562500 6.0625000 8.6875000 11.500000 15.937500 17.250000 20.187500 23.125000 27.562500 28.750000 31.531250 34.687500 37.687500 40.937500 46.093750 49.562500 54.718750 61.562500 65.437500 71.000000 78.156250 82.218750 87.937500 93.843750 99.687500 105.56250 111.62500 117.43750 22.251722
90.6000 -473717.34 -839.09375 -837.03125 -836.31250 -837.03125 -834.93750 -835.59375 -834.93750 -834.21875 -832.12500 -706.93750 -591.96875 -484.43750 -385.53125 -283.87500 -192.00000 -113.75000 -45.406250 9.0625000 54.187500 86.718750 107.68750 114.78125 88.718750 69.687500 52.625000 38.093750 27.031250 18.343750 11.437500 6.3125000 2.5937500 0.40625000 -0.68750000 -0.84375000 0.0000000 1.3437500 3.3437500 5.7500000 8.2812500 11.187500 15.437500 17.093750 20.093750 23.156250 27.468750 29.000000 31.875000 35.187500 38.281250 41.781250 46.875000 50.812500 56.281250 63.250000 67.593750 73.406250 80.687500 85.343750 91.437500 97.656250 103.90625 110.21875 116.59375 122.84375 22.210905
90.8000 -473861.88 -765.50000 -763.37500 -762.84375 -763.96875 -761.84375 -762.96875 -762.43750 -761.93750 -759.81250 -631.90625 -515.75000 -406.46875 -306.25000 -202.59375 -108.25000 -30.125000 40.937500 96.062500 144.37500 178.12500 200.68750 210.00000 158.62500 123.43750 94.062500 70.437500 52.375000 38.125000 26.562500 17.687500 10.812500 6.0000000 2.7500000 0.75000000 0.0000000 0.062500000 0.87500000 2.3125000 4.1562500 6.4062500 10.375000 11.250000 13.875000 16.531250 20.812500 21.750000 24.437500 27.562500 30.437500 33.687500 38.812500 42.312500 47.562500 54.625000 58.625000 64.281250 71.750000 76.156250 82.156250 88.281250 94.562500 100.96875 107.31250 113.62500 22.234795
91.0000 -473341.25 -797.00000 -795.59375 -795.21875 -795.93750 -794.50000 -795.21875 -794.84375 -794.50000 -793.09375 -667.87500 -553.90625 -447.78125 -350.31250 -248.81250 -158.68750 -82.093750 -14.906250 38.000000 82.187500 114.15625 133.93750 141.28125 113.21875 91.812500 72.375000 55.593750 42.250000 31.250000 22.031250 14.812500 9.0937500 5.0625000 2.3437500 0.62500000 0.0000000 0.12500000 0.93750000 2.2500000 3.9375000 6.0625000 9.3437500 10.625000 13.062500 15.531250 19.125000 20.437500 23.125000 25.937500 28.656250 31.687500 36.125000 39.875000 44.937500 51.125000 55.312500 60.750000 67.437500 72.000000 77.812500 83.687500 89.656250 95.687500 101.81250 107.81250 22.207058
91.2000 -473303.38 -776.90625 -775.21875 -775.00000 -776.21875 -774.53125 -775.81250 -775.59375 -775.34375 -773.65625 -648.56250 -532.62500 -424.31250 -325.78125 -224.00000 -131.03125 -53.468750 14.406250 69.875000 115.40625 147.78125 168.65625 176.12500 138.21875 110.43750 85.906250 65.375000 49.218750 36.312500 25.656250 17.281250 10.718750 6.0312500 2.8125000 0.87500000 0.0000000 -0.031250000 0.68750000 1.9375000 3.6250000 5.6250000 9.3125000 10.187500 12.625000 15.187500 19.125000 20.062500 22.625000 25.562500 28.312500 31.375000 36.343750 39.656250 44.687500 51.437500 55.312500 60.750000 67.875000 72.062500 77.906250 83.843750 89.906250 95.968750 102.09375 108.18750 22.200356
91.4000 -473817.31 -676.65625 -674.68750 -673.71875 -673.71875 -671.78125 -671.75000 -670.71875 -669.75000 -667.81250 -542.25000 -427.06250 -319.09375 -220.34375 -118.12500 -26.812500 50.125000 117.96875 172.46875 216.84375 248.50000 270.18750 277.65625 208.46875 160.28125 121.53125 91.812500 68.531250 50.218750 35.531250 24.281250 15.343750 9.0312500 4.5625000 1.6562500 0.0000000 -0.50000000 -0.15625000 0.81250000 2.2500000 4.1562500 7.1562500 8.5000000 10.875000 13.281250 16.718750 18.218750 20.781250 23.593750 26.375000 29.406250 33.750000 37.593750 42.687500 48.781250 53.187500 58.656250 65.187500 69.968750 75.843750 81.781250 87.781250 93.781250 99.968750 106.03125 22.300074
91.6000 -472869.75 -651.40625 -649.87500 -649.25000 -649.46875 -647.93750 -648.15625 -647.53125 -646.87500 -645.37500 -520.81250 -405.06250 -298.18750 -199.68750 -97.937500 -6.7812500 70.406250 138.21875 192.56250 237.28125 269.75000 290.06250 298.34375 224.81250 173.93750 133.12500 101.81250 76.937500 57.250000 41.250000 28.750000 18.750000 11.468750 6.0625000 2.4375000 0.0000000 -1.1875000 -1.5000000 -1.0000000 -0.12500000 1.3750000 3.8750000 4.9062500 6.9375000 9.0000000 12.093750 13.406250 15.750000 18.312500 20.875000 23.656250 27.687500 31.218750 35.875000 41.656250 45.750000 50.937500 57.062500 61.625000 67.093750 72.718750 78.375000 84.187500 90.031250 95.750000 22.236282
91.8000 -473323.94 -789.43750 -787.46875 -786.78125 -787.37500 -785.40625 -785.96875 -785.25000 -784.56250 -782.56250 -658.68750 -544.15625 -436.56250 -338.50000 -238.00000 -147.43750 -70.437500 -2.6250000 51.156250 96.031250 128.46875 149.37500 156.59375 118.25000 91.656250 69.437500 51.375000 37.562500 26.750000 18.062500 11.531250 6.5000000 3.1875000 1.0937500 0.062500000 0.0000000 0.68750000 2.0000000 3.6875000 5.6875000 8.0312500 11.656250 12.906250 15.468750 18.125000 21.968750 23.250000 25.781250 28.687500 31.500000 34.562500 39.187500 42.687500 47.593750 53.968750 57.812500 63.125000 69.843750 74.000000 79.656250 85.343750 91.062500 96.937500 102.75000 108.50000 22.223318
92.0000 -474171.25 -852.15625 -851.06250 -850.62500 -850.84375 -849.75000 -849.96875 -849.56250 -849.12500 -848.03125 -723.46875 -608.93750 -501.06250 -402.50000 -301.46875 -211.34375 -134.65625 -67.093750 -12.968750 31.656250 62.375000 83.031250 91.062500 70.500000 54.781250 40.968750 29.562500 20.593750 13.562500 8.0000000 3.8125000 1.0000000 -0.56250000 -1.1875000 -1.0000000 0.0000000 1.5312500 3.5625000 5.9062500 8.4375000 11.312500 14.750000 17.000000 19.843750 22.750000 26.187500 28.312500 31.156250 34.187500 37.250000 40.593750 44.687500 49.093750 54.343750 60.218750 65.062500 70.562500 76.781250 81.875000 87.656250 93.562500 99.437500 105.50000 111.53125 117.43750 22.313150
92.2000 -472376.94 -764.46875 -762.62500 -762.21875 -763.25000 -761.43750 -762.50000 -762.09375 -761.68750 -759.84375 -636.18750 -522.59375 -416.50000 -318.56250 -217.78125 -128.00000 -52.125000 15.343750 67.843750 111.96875 142.56250 162.75000 169.84375 126.12500 96.281250 71.718750 52.000000 37.218750 25.937500 17.125000 10.375000 5.4375000 2.3125000 0.46875000 -0.18750000 0.0000000 1.0000000 2.5625000 4.5312500 6.8437500 9.4375000 13.531250 14.812500 17.562500 20.375000 24.593750 25.750000 28.562500 31.593750 34.562500 37.812500 42.718750 46.281250 51.437500 58.156250 62.156250 67.687500 74.718750 79.062500 84.812500 90.625000 96.625000 102.62500 108.59375 114.62500 22.258244
92.4000 -472298.09 -763.84375 -762.96875 -762.15625 -761.46875 -760.53125 -759.87500 -759.03125 -758.28125 -757.34375 -632.12500 -515.78125 -408.81250 -309.78125 -208.81250 -117.46875 -39.437500 27.625000 82.656250 127.37500 159.34375 179.28125 188.28125 149.34375 119.00000 93.093750 72.625000 55.343750 41.343750 29.656250 20.468750 13.125000 7.7812500 3.9687500 1.4062500 0.0000000 -0.40625000 -0.093750000 0.87500000 2.2812500 3.9687500 6.0937500 8.0312500 10.312500 12.593750 15.062500 17.281250 19.718750 22.468750 25.125000 28.031250 31.406250 35.875000 40.656250 45.750000 50.812500 56.093750 61.656250 67.062500 72.687500 78.468750 84.250000 90.125000 96.031250 101.96875 22.282082
92.6000 -473327.03 -839.31250 -837.84375 -837.68750 -838.90625 -837.40625 -838.62500 -838.50000 -838.34375 -836.87500 -712.84375 -598.75000 -493.06250 -396.06250 -295.56250 -204.93750 -127.96875 -62.093750 -8.0937500 35.906250 67.843750 87.406250 94.687500 73.125000 57.437500 43.187500 30.812500 21.375000 14.093750 8.3750000 4.1875000 1.1250000 -0.56250000 -1.1250000 -1.0000000 0.0000000 1.5625000 3.7187500 6.2500000 8.8750000 11.843750 16.000000 17.750000 20.750000 23.843750 28.031250 29.625000 32.687500 35.937500 39.125000 42.500000 47.500000 51.625000 56.968750 63.875000 68.312500 74.125000 81.375000 86.093750 92.218750 98.468750 104.62500 110.93750 117.37500 123.65625 22.273348
92.8000 -472614.16 -831.12500 -828.65625 -827.62500 -828.06250 -825.59375 -826.09375 -825.09375 -824.06250 -821.56250 -696.25000 -580.28125 -471.53125 -372.28125 -270.18750 -178.03125 -100.78125 -30.968750 23.500000 70.375000 101.96875 124.87500 132.53125 98.031250 74.437500 54.406250 38.062500 26.125000 17.000000 9.9687500 4.8750000 1.3437500 -0.59375000 -1.2812500 -1.0937500 0.0000000 1.6562500 3.9062500 6.4687500 9.2187500 12.343750 16.812500 18.500000 21.593750 24.781250 29.250000 30.687500 33.781250 37.156250 40.343750 43.875000 49.062500 52.968750 58.468750 65.500000 69.843750 75.656250 83.062500 87.531250 93.687500 99.843750 106.00000 112.21875 118.62500 124.84375 22.334641
93.0000 -473161.31 -728.78125 -727.28125 -726.62500 -726.78125 -725.28125 -725.46875 -724.81250 -724.18750 -722.68750 -602.68750 -491.62500 -388.87500 -294.50000 -198.12500 -111.40625 -38.687500 23.687500 73.437500 113.65625 140.53125 156.65625 160.12500 123.96875 97.406250 74.750000 56.500000 42.000000 30.500000 21.093750 13.875000 8.2500000 4.3750000 1.9062500 0.50000000 0.0000000 0.34375000 1.3125000 2.7187500 4.5312500 6.5937500 9.6562500 11.093750 13.375000 15.812500 19.031250 20.562500 23.000000 25.687500 28.375000 31.312500 35.281250 38.875000 43.562500 49.250000 53.406250 58.437500 64.406250 68.875000 74.187500 79.625000 85.125000 90.656250 96.250000 101.75000 22.325323
93.2000 -473792.94 -761.25000 -759.65625 -759.15625 -759.71875 -758.12500 -758.75000 -758.21875 -757.68750 -756.12500 -630.81250 -515.93750 -409.46875 -311.50000 -210.21875 -119.90625 -43.812500 23.718750 77.312500 121.18750 152.46875 171.03125 177.62500 136.93750 107.62500 82.718750 62.593750 46.812500 34.375000 24.093750 16.156250 10.000000 5.6875000 2.7187500 0.87500000 0.0000000 0.0000000 0.62500000 1.7812500 3.2187500 5.1250000 8.0937500 9.0937500 11.375000 13.531250 16.812500 17.937500 20.250000 22.875000 25.312500 28.093750 32.125000 35.375000 39.812500 45.500000 49.187500 54.000000 60.000000 64.000000 69.125000 74.406250 79.718750 85.125000 90.500000 95.875000 22.331070
93.4000 -472414.19 -667.75000 -665.50000 -664.56250 -664.96875 -662.78125 -663.15625 -662.25000 -661.34375 -659.09375 -534.37500 -419.09375 -311.59375 -212.96875 -111.84375 -20.562500 56.593750 124.62500 177.78125 222.28125 253.87500 273.00000 280.50000 206.12500 157.59375 119.37500 90.062500 67.375000 49.687500 35.375000 24.250000 15.531250 9.3125000 4.7500000 1.6875000 0.0000000 -0.68750000 -0.53125000 0.28125000 1.5625000 3.2500000 6.5937500 7.3437500 9.5625000 11.875000 15.593750 16.562500 19.093750 21.812500 24.468750 27.500000 32.093750 35.406250 40.312500 46.687500 50.500000 55.875000 62.656250 66.937500 72.625000 78.437500 84.281250 90.250000 96.250000 102.18750 22.303202
93.6000 -473445.34 -815.18750 -811.71875 -809.62500 -809.00000 -805.53125 -804.87500 -802.81250 -800.78125 -797.28125 -672.15625 -558.31250 -450.62500 -352.37500 -249.56250 -159.46875 -82.406250 -13.375000 39.875000 86.093750 118.21875 139.75000 147.12500 114.56250 90.906250 69.812500 52.125000 38.437500 27.562500 18.750000 11.937500 6.7812500 3.4375000 1.2187500 0.12500000 0.0000000 0.65625000 1.9375000 3.7500000 5.8437500 8.3125000 12.156250 13.343750 16.062500 18.812500 22.843750 24.093750 26.812500 29.812500 32.750000 35.937500 40.843750 44.531250 49.562500 56.343750 60.375000 65.937500 72.968750 77.406250 83.250000 89.218750 95.281250 101.31250 107.50000 113.59375 22.278570
93.8000 -473358.53 -758.15625 -756.06250 -755.12500 -755.34375 -753.25000 -753.43750 -752.46875 -751.53125 -749.50000 -625.93750 -511.62500 -405.12500 -309.21875 -209.53125 -119.34375 -44.625000 20.906250 73.500000 116.37500 145.81250 164.18750 169.21875 134.18750 107.93750 84.687500 65.125000 49.500000 36.875000 26.375000 18.062500 11.500000 6.7500000 3.3437500 1.1875000 0.0000000 -0.21875000 0.25000000 1.2500000 2.5625000 4.3125000 7.3750000 8.2500000 10.437500 12.687500 16.062500 17.125000 19.500000 22.093750 24.593750 27.375000 31.437500 34.812500 39.375000 45.187500 48.937500 53.937500 60.125000 64.187500 69.437500 74.812500 80.343750 85.812500 91.406250 96.937500 22.317585
94.0000 -473579.94 -691.18750 -689.84375 -689.37500 -689.81250 -688.50000 -688.93750 -688.46875 -688.00000 -686.62500 -560.78125 -444.06250 -335.65625 -236.18750 -132.84375 -40.906250 37.156250 105.00000 160.18750 206.43750 239.00000 259.65625 268.25000 202.81250 156.50000 119.00000 89.937500 67.062500 49.125000 34.687500 23.437500 14.812500 8.5937500 4.2500000 1.5000000 0.0000000 -0.40625000 0.062500000 1.2500000 2.8125000 4.8750000 8.0000000 9.5000000 12.031250 14.625000 18.062500 19.812500 22.437500 25.500000 28.437500 31.656250 36.125000 40.250000 45.562500 51.937500 56.625000 62.312500 69.062500 74.250000 80.187500 86.406250 92.625000 99.000000 105.37500 111.68750 22.306293
94.2000 -474049.28 -804.34375 -802.59375 -802.03125 -802.71875 -800.93750 -801.65625 -801.09375 -800.53125 -798.78125 -672.96875 -558.40625 -450.59375 -350.71875 -248.65625 -157.03125 -78.531250 -9.5937500 44.281250 90.500000 123.56250 144.28125 153.43750 118.25000 92.468750 70.218750 51.812500 37.687500 26.562500 17.687500 10.875000 5.9375000 2.5625000 0.68750000 -0.15625000 0.0000000 0.87500000 2.3750000 4.3750000 6.5625000 9.1250000 12.968750 14.437500 17.250000 20.000000 23.968750 25.406250 28.187500 31.187500 34.250000 37.343750 42.093750 45.812500 51.031250 57.468750 61.687500 67.187500 73.968750 78.375000 84.156250 89.968750 95.937500 101.87500 107.93750 113.81250 22.323736
94.4000 -473765.53 -759.40625 -758.25000 -757.84375 -758.18750 -757.03125 -757.34375 -756.96875 -756.53125 -755.37500 -631.09375 -514.93750 -408.43750 -310.25000 -208.65625 -119.12500 -41.687500 24.968750 77.812500 121.25000 152.28125 172.40625 179.25000 142.68750 114.71875 90.093750 69.906250 53.218750 39.687500 28.312500 19.406250 12.250000 7.1875000 3.5000000 1.1875000 0.0000000 -0.18750000 0.31250000 1.5312500 3.1875000 5.1562500 8.0937500 9.6875000 12.125000 14.687500 17.937500 19.750000 22.375000 25.375000 28.250000 31.375000 35.593750 39.937500 45.125000 51.156250 56.031250 61.687500 68.218750 73.437500 79.531250 85.718750 91.906250 98.250000 104.65625 110.96875 22.403872
94.6000 -472881.03 -739.59375 -737.65625 -737.03125 -737.75000 -735.75000 -736.50000 -735.87500 -735.25000 -733.25000 -606.12500 -489.09375 -379.84375 -279.81250 -176.28125 -82.593750 -3.6562500 66.125000 122.25000 167.68750 200.96875 222.81250 231.81250 168.43750 128.28125 96.781250 72.312500 53.687500 39.125000 27.406250 18.406250 11.312500 6.4375000 3.0625000 1.0000000 0.0000000 0.062500000 0.78125000 2.0625000 3.8125000 5.9062500 9.5312500 10.562500 13.125000 15.625000 19.593750 20.812500 23.437500 26.375000 29.250000 32.375000 37.281250 40.718750 45.937500 52.593750 56.625000 62.187500 69.312500 73.718750 79.687500 85.593750 91.687500 97.937500 104.15625 110.31250 22.230629
94.8000 -473519.00 -665.43750 -663.78125 -663.50000 -664.50000 -662.90625 -663.87500 -663.59375 -663.28125 -661.68750 -535.40625 -419.31250 -310.40625 -210.50000 -107.46875 -14.562500 63.812500 133.31250 189.06250 235.00000 269.31250 292.03125 300.68750 229.43750 179.12500 137.71875 105.21875 79.625000 59.375000 42.843750 29.843750 19.562500 11.937500 6.4375000 2.4687500 0.0000000 -1.2812500 -1.5625000 -1.1250000 -0.12500000 1.2500000 4.2187500 4.8125000 6.8750000 9.0000000 12.593750 13.437500 15.812500 18.468750 21.062500 23.937500 28.375000 31.593750 36.375000 42.562500 46.312500 51.562500 58.250000 62.343750 68.000000 73.687500 79.437500 85.312500 91.125000 97.000000 22.224810
95.0000 -474388.84 -432.81250 -431.34375 -430.84375 -431.18750 -429.71875 -430.15625 -429.56250 -429.06250 -427.59375 -302.06250 -187.46875 -80.500000 17.968750 120.40625 210.93750 289.09375 357.71875 412.71875 457.75000 490.31250 511.56250 520.25000 375.75000 283.96875 215.09375 164.59375 125.00000 94.187500 69.000000 49.343750 33.281250 21.312500 12.031250 5.1250000 0.0000000 -3.3125000 -5.4062500 -6.4375000 -6.5625000 -6.1562500 -4.3437500 -4.0625000 -2.5312500 -0.81250000 1.9687500 2.8125000 4.9375000 7.2500000 9.6250000 12.250000 16.250000 19.562500 24.187500 29.906250 34.062500 39.218750 45.656250 50.250000 55.906250 61.687500 67.625000 73.718750 79.812500 85.875000 22.237684
95.2000 -473166.44 -751.06250 -750.37500 -749.90625 -749.71875 -749.00000 -748.84375 -748.40625 -747.96875 -747.25000 -621.43750 -503.68750 -396.78125 -296.90625 -194.18750 -103.56250 -23.906250 43.093750 99.093750 143.87500 177.31250 198.06250 207.12500 162.93750 129.09375 100.40625 77.750000 58.937500 43.750000 31.250000 21.437500 13.625000 8.0000000 4.0625000 1.4375000 0.0000000 -0.40625000 0.0000000 1.0312500 2.4375000 4.3125000 6.6875000 8.6250000 11.000000 13.437500 16.187500 18.312500 20.812500 23.625000 26.406250 29.437500 33.093750 37.562500 42.437500 47.906250 52.968750 58.437500 64.156250 69.593750 75.437500 81.218750 87.218750 93.250000 99.312500 105.31250 22.283308
95.4000 -473952.56 -701.00000 -698.59375 -697.84375 -698.62500 -696.25000 -697.09375 -696.31250 -695.50000 -693.12500 -569.28125 -455.00000 -349.00000 -250.81250 -149.31250 -58.593750 17.812500 85.812500 139.28125 183.71875 215.43750 235.71875 242.81250 190.68750 152.40625 119.28125 92.000000 70.250000 52.812500 38.281250 26.781250 17.500000 10.687500 5.6562500 2.1875000 0.0000000 -1.0000000 -1.2500000 -0.75000000 0.31250000 1.7812500 5.0625000 5.4375000 7.5312500 9.7500000 13.500000 14.187500 16.562500 19.250000 21.843750 24.781250 29.562500 32.593750 37.343750 43.875000 47.500000 52.812500 59.781250 63.812500 69.531250 75.187500 81.125000 87.062500 93.062500 99.000000 22.280117
95.6000 -474002.44 -669.31250 -668.28125 -667.71875 -667.59375 -666.56250 -666.43750 -665.90625 -665.31250 -664.25000 -537.84375 -421.46875 -312.90625 -214.15625 -110.78125 -20.218750 59.250000 127.25000 182.34375 227.50000 260.12500 280.84375 289.87500 218.56250 168.40625 128.34375 98.031250 73.687500 54.562500 38.937500 26.843750 17.312500 10.437500 5.5000000 2.0312500 0.0000000 -0.87500000 -0.87500000 -0.093750000 1.1250000 2.8125000 5.2187500 6.8750000 9.0312500 11.375000 14.218750 16.125000 18.562500 21.406250 24.062500 27.062500 30.843750 35.062500 40.031250 45.656250 50.406250 55.750000 61.843750 67.062500 72.781250 78.687500 84.625000 90.687500 96.750000 102.75000 22.158627
95.8000 -474076.81 -565.46875 -564.06250 -563.90625 -565.03125 -563.65625 -564.75000 -564.59375 -564.50000 -563.09375 -437.68750 -323.68750 -217.25000 -119.53125 -19.593750 71.093750 147.18750 213.62500 266.71875 310.28125 341.50000 360.31250 366.87500 278.12500 216.09375 165.93750 127.25000 96.562500 72.312500 52.437500 36.937500 24.437500 15.218750 8.2812500 3.3437500 0.0000000 -1.8125000 -2.7187500 -2.6562500 -1.9375000 -0.75000000 2.0937500 2.6875000 4.7500000 6.8750000 10.343750 11.375000 13.812500 16.500000 19.187500 22.125000 26.625000 30.125000 35.062500 41.468750 45.562500 51.062500 57.968750 62.562500 68.437500 74.531250 80.625000 86.812500 93.125000 99.312500 22.143223
96.0000 -473837.84 -819.71875 -817.93750 -817.53125 -818.56250 -816.78125 -817.81250 -817.43750 -817.06250 -815.28125 -692.50000 -580.37500 -474.84375 -378.81250 -279.03125 -189.53125 -113.87500 -47.125000 4.6562500 48.812500 80.375000 100.03125 107.31250 83.750000 66.468750 50.625000 36.875000 26.437500 18.250000 11.562500 6.5625000 3.0000000 0.68750000 -0.43750000 -0.62500000 0.0000000 1.2500000 3.0625000 5.1875000 7.5625000 10.281250 14.312500 15.687500 18.500000 21.343750 25.500000 26.875000 29.687500 32.687500 35.687500 38.937500 43.812500 47.468750 52.625000 59.250000 63.312500 68.875000 75.812500 80.125000 86.000000 91.812500 97.781250 103.75000 109.84375 115.75000 22.166912
96.2000 -473207.94 -269.81250 -267.00000 -266.25000 -267.56250 -264.75000 -266.09375 -265.31250 -264.59375 -261.78125 -137.40625 -23.625000 82.718750 181.43750 282.93750 374.65625 450.71875 521.12500 573.75000 619.65625 651.62500 673.28125 680.81250 441.75000 313.18750 226.28125 166.50000 123.06250 90.750000 65.250000 45.812500 30.437500 19.156250 10.625000 4.4687500 0.0000000 -2.6250000 -4.1250000 -4.6875000 -4.4375000 -3.6250000 -0.31250000 -0.90625000 0.93750000 2.9062500 6.9687500 7.0625000 9.3125000 11.843750 14.437500 17.250000 22.406250 25.000000 29.812500 36.937500 40.125000 45.562500 53.218750 56.875000 62.750000 68.687500 74.875000 81.125000 87.406250 93.593750 22.330311
96.4000 -472599.44 -615.75000 -613.18750 -611.59375 -611.06250 -608.46875 -607.93750 -606.34375 -604.75000 -602.18750 -477.25000 -361.78125 -253.43750 -154.37500 -54.062500 37.031250 114.90625 181.68750 234.87500 279.25000 310.06250 328.78125 335.00000 239.12500 180.03125 135.50000 102.46875 76.937500 57.062500 41.000000 28.500000 18.562500 11.375000 6.0312500 2.3750000 0.0000000 -1.1250000 -1.2500000 -0.68750000 0.37500000 1.8750000 4.6562500 5.6875000 7.9375000 10.125000 13.437500 14.750000 17.218750 20.000000 22.687500 25.718750 29.968750 33.750000 38.687500 44.906250 49.250000 54.687500 61.312500 66.062500 72.000000 78.000000 84.156250 90.281250 96.562500 102.75000 22.295378
96.6000 -473701.44 -802.37500 -799.84375 -798.78125 -799.25000 -796.68750 -797.12500 -796.09375 -795.03125 -792.50000 -669.34375 -557.40625 -451.84375 -355.43750 -256.96875 -167.28125 -93.281250 -26.937500 25.312500 68.718750 98.250000 116.81250 122.12500 95.156250 75.593750 57.781250 42.437500 30.875000 21.593750 14.187500 8.5000000 4.3750000 1.7500000 0.25000000 -0.28125000 0.0000000 1.0000000 2.5625000 4.5625000 6.7500000 9.2500000 13.406250 14.468750 17.250000 19.937500 24.093750 25.187500 27.875000 30.843750 33.718750 36.781250 41.781250 45.125000 50.062500 56.781250 60.468750 65.843750 72.781250 76.812500 82.437500 88.125000 93.906250 99.656250 105.56250 111.31250 22.202030
96.8000 -473360.78 -698.40625 -696.40625 -696.25000 -698.00000 -695.96875 -697.71875 -697.56250 -697.40625 -695.40625 -571.03125 -458.84375 -351.90625 -254.46875 -153.18750 -61.843750 14.187500 81.906250 135.37500 180.71875 212.78125 232.81250 240.71875 186.31250 147.31250 113.90625 86.437500 65.125000 48.187500 34.375000 23.562500 15.000000 8.9062500 4.5000000 1.5625000 0.0000000 -0.56250000 -0.15625000 0.81250000 2.2500000 4.1250000 8.0312500 8.4062500 10.812500 13.218750 17.562500 18.218750 20.812500 23.687500 26.500000 29.625000 34.875000 37.906250 42.968750 50.062500 53.656250 59.250000 66.750000 70.812500 76.625000 82.625000 88.750000 94.937500 101.18750 107.31250 22.257078
97.0000 -472595.31 -635.62500 -634.12500 -633.90625 -634.84375 -633.40625 -634.37500 -634.09375 -633.87500 -632.37500 -506.59375 -390.56250 -281.12500 -181.65625 -79.750000 13.781250 92.187500 160.65625 216.43750 262.62500 295.65625 317.43750 326.81250 242.62500 186.21875 141.68750 107.75000 81.250000 60.562500 43.656250 30.437500 19.937500 12.250000 6.5312500 2.6250000 0.0000000 -1.1875000 -1.6250000 -1.2500000 -0.31250000 1.1562500 4.0000000 4.8125000 6.9375000 9.0937500 12.468750 13.625000 16.062500 18.687500 21.375000 24.281250 28.625000 32.125000 37.062500 43.250000 47.312500 52.687500 59.406250 63.937500 69.750000 75.562500 81.562500 87.656250 93.812500 99.843750 22.315258
97.2000 -473546.16 -172.93750 -171.93750 -171.62500 -171.96875 -170.96875 -171.31250 -171.00000 -170.65625 -169.65625 -47.093750 66.281250 171.37500 267.00000 367.28125 455.37500 530.34375 595.78125 649.15625 690.12500 720.00000 738.50000 744.53125 369.00000 236.09375 162.59375 117.28125 85.000000 61.531250 43.312500 29.625000 19.000000 11.437500 6.0000000 2.2500000 0.0000000 -0.93750000 -1.0625000 -0.37500000 0.81250000 2.4375000 4.9687500 6.5000000 8.7500000 11.156250 14.218750 15.968750 18.468750 21.375000 24.093750 27.156250 31.218750 35.406250 40.468750 46.468750 51.156250 56.812500 63.156250 68.375000 74.250000 80.375000 86.468750 92.750000 99.000000 105.28125 22.264771
97.4000 -473088.44 -597.53125 -595.09375 -594.59375 -596.00000 -593.53125 -594.93750 -594.43750 -593.96875 -591.50000 -467.53125 -354.71875 -248.87500 -150.62500 -49.406250 41.375000 117.37500 185.87500 238.65625 284.34375 315.28125 335.34375 342.21875 252.46875 192.68750 145.25000 108.65625 80.906250 59.406250 42.125000 28.968750 18.593750 11.031250 5.7500000 2.1562500 0.0000000 -0.90625000 -0.90625000 -0.031250000 1.2187500 3.0312500 7.0000000 7.3437500 9.7187500 12.156250 16.656250 17.218750 19.781250 22.718750 25.625000 28.781250 34.187500 37.218750 42.468750 49.781250 53.406250 59.125000 66.968750 70.968750 77.031250 83.125000 89.406250 95.781250 102.21875 108.53125 22.248976
97.6000 -473693.25 -796.93750 -795.37500 -794.75000 -795.03125 -793.46875 -793.75000 -793.12500 -792.46875 -790.93750 -668.09375 -553.62500 -448.37500 -351.40625 -250.40625 -161.28125 -85.531250 -19.312500 33.906250 76.968750 107.37500 126.31250 133.12500 102.68750 80.156250 60.656250 44.812500 32.250000 22.406250 14.562500 8.6250000 4.2500000 1.5000000 0.0000000 -0.43750000 0.0000000 1.2500000 3.0625000 5.3125000 7.7187500 10.562500 14.343750 16.375000 19.406250 22.437500 26.312500 28.343750 31.312500 34.687500 37.812500 41.343750 46.062500 50.531250 56.125000 62.687500 67.718750 73.687500 80.687500 86.000000 92.281250 98.687500 105.12500 111.68750 118.25000 124.75000 22.233799
97.8000 -473294.03 -708.18750 -706.25000 -705.84375 -707.00000 -705.06250 -706.21875 -705.81250 -705.40625 -703.40625 -580.37500 -467.03125 -359.68750 -261.12500 -161.31250 -71.000000 5.5937500 73.031250 125.59375 170.09375 200.90625 219.84375 226.09375 164.37500 124.50000 92.750000 68.031250 49.468750 35.187500 23.812500 15.343750 8.8750000 4.6250000 1.8125000 0.31250000 0.0000000 0.50000000 1.6562500 3.4062500 5.3750000 7.8125000 11.875000 12.875000 15.656250 18.343750 22.625000 23.718750 26.437500 29.437500 32.468750 35.625000 40.687500 44.156250 49.375000 56.250000 60.125000 65.750000 73.000000 77.187500 83.031250 89.000000 94.937500 101.00000 107.15625 113.15625 22.281279
98.0000 -473501.16 -810.40625 -806.75000 -804.31250 -803.03125 -799.40625 -798.12500 -795.68750 -793.21875 -789.62500 -665.15625 -551.59375 -445.56250 -348.50000 -246.65625 -157.12500 -79.906250 -13.593750 39.625000 83.656250 115.37500 134.12500 141.65625 109.34375 85.906250 65.406250 48.406250 35.218750 24.718750 16.406250 10.000000 5.2812500 2.2500000 0.46875000 -0.28125000 0.0000000 1.0937500 2.7187500 4.9687500 7.2812500 10.000000 14.031250 15.718750 18.750000 21.656250 25.781250 27.531250 30.437500 33.718750 36.906250 40.343750 45.281250 49.406250 54.906250 61.843750 66.375000 72.343750 79.562500 84.531250 90.781250 97.093750 103.40625 109.96875 116.43750 122.90625 22.243874
98.2000 -473465.88 -790.43750 -787.87500 -787.34375 -788.93750 -786.34375 -787.96875 -787.43750 -786.93750 -784.34375 -661.81250 -549.15625 -443.31250 -347.40625 -247.71875 -157.25000 -82.937500 -15.718750 35.437500 79.906250 110.00000 129.28125 133.90625 103.59375 82.250000 62.562500 45.281250 32.656250 22.718750 14.750000 8.7187500 4.3125000 1.5312500 0.093750000 -0.46875000 0.0000000 1.1562500 2.9062500 5.2187500 7.6562500 10.500000 15.437500 16.218750 19.218750 22.281250 27.281250 28.031250 30.968750 34.281250 37.437500 40.843750 46.625000 49.875000 55.375000 63.093750 66.781250 72.593750 80.687500 84.656250 90.812500 97.093750 103.40625 109.71875 116.15625 122.53125 22.202686
98.4000 -473535.56 -777.53125 -775.40625 -774.65625 -775.31250 -773.15625 -773.81250 -773.06250 -772.31250 -770.18750 -645.09375 -530.46875 -423.93750 -325.87500 -224.68750 -134.46875 -57.531250 9.6562500 63.093750 107.40625 138.09375 157.43750 164.37500 127.93750 101.21875 77.750000 58.187500 42.812500 30.750000 20.875000 13.312500 7.5937500 3.7500000 1.3437500 0.031250000 0.0000000 0.50000000 1.8750000 3.6875000 5.9375000 8.4687500 12.406250 13.906250 16.656250 19.468750 23.656250 25.000000 28.000000 31.125000 34.250000 37.625000 42.593750 46.500000 51.937500 58.781250 63.250000 69.062500 76.312500 81.062500 87.187500 93.468750 99.781250 106.09375 112.53125 118.87500 22.196239
98.6000 -472814.25 -805.81250 -804.81250 -804.31250 -804.28125 -803.28125 -803.31250 -802.78125 -802.28125 -801.28125 -678.15625 -563.34375 -457.50000 -361.15625 -260.40625 -171.21875 -95.125000 -28.968750 25.406250 68.125000 98.812500 118.12500 125.71875 97.093750 75.656250 57.250000 42.468750 30.531250 21.156250 13.656250 8.0312500 3.9062500 1.3437500 -0.12500000 -0.53125000 0.0000000 1.0312500 2.7500000 4.9062500 7.2812500 9.9375000 13.156250 15.500000 18.343750 21.156250 24.531250 26.750000 29.593750 32.718750 35.781250 39.031250 43.187500 47.781250 53.031250 58.968750 63.968750 69.625000 75.843750 81.187500 87.031250 93.062500 99.156250 105.34375 111.46875 117.53125 22.302990
98.8000 -473264.44 -700.18750 -698.03125 -696.96875 -697.00000 -694.90625 -694.93750 -693.90625 -692.84375 -690.68750 -563.90625 -449.21875 -341.93750 -242.50000 -140.28125 -48.718750 29.218750 97.312500 151.15625 196.81250 229.40625 249.78125 258.15625 189.90625 144.15625 108.03125 80.593750 59.406250 43.031250 29.843750 19.843750 12.187500 6.7187500 3.1250000 0.93750000 0.0000000 0.0000000 0.84375000 2.2500000 4.0312500 6.2812500 9.7187500 11.218750 13.875000 16.531250 20.281250 21.875000 24.625000 27.718750 30.718750 33.968750 38.625000 42.656250 48.031250 54.593750 59.218750 64.968750 71.937500 76.843750 82.968750 89.156250 95.468750 101.87500 108.21875 114.59375 22.294189
99.0000 -473786.41 -409.65625 -407.90625 -406.78125 -406.25000 -404.46875 -403.96875 -402.87500 -401.75000 -400.00000 -275.62500 -161.87500 -55.406250 40.562500 139.87500 229.28125 305.46875 371.50000 424.25000 466.93750 497.75000 516.25000 522.87500 327.87500 232.09375 168.96875 125.93750 93.343750 68.750000 49.187500 34.187500 22.281250 13.625000 7.2500000 2.8125000 0.0000000 -1.5625000 -1.9687500 -1.6875000 -0.81250000 0.68750000 2.9687500 4.4062500 6.5625000 8.8125000 11.843750 13.625000 16.062500 18.812500 21.625000 24.687500 28.593750 32.750000 37.875000 43.656250 48.593750 54.187500 60.593750 65.781250 71.750000 77.843750 84.062500 90.312500 96.718750 102.93750 22.275543
99.2000 -472812.72 -775.46875 -773.06250 -772.75000 -774.50000 -772.09375 -773.87500 -773.56250 -773.21875 -770.81250 -645.34375 -531.00000 -423.25000 -324.75000 -223.34375 -130.71875 -54.281250 14.156250 67.437500 113.28125 145.78125 165.31250 172.12500 134.12500 107.15625 82.968750 62.125000 46.375000 33.781250 23.500000 15.625000 9.3437500 5.1250000 2.1875000 0.56250000 0.0000000 0.28125000 1.3125000 2.7500000 4.5625000 6.8750000 11.218750 11.625000 14.187500 16.812500 21.562500 22.000000 24.718750 27.750000 30.625000 33.750000 39.343750 42.218750 47.375000 54.781250 58.125000 63.718750 71.468750 75.187500 81.062500 87.062500 93.125000 99.312500 105.50000 111.62500 22.322317
99.4000 -472481.31 -424.87500 -421.93750 -420.59375 -420.87500 -417.93750 -418.21875 -416.84375 -415.56250 -412.59375 -287.62500 -171.31250 -63.343750 36.593750 139.59375 230.93750 308.59375 377.31250 433.43750 479.37500 510.96875 532.43750 540.15625 391.46875 296.15625 223.87500 170.25000 128.75000 96.562500 70.500000 50.093750 33.625000 21.437500 12.062500 5.0000000 0.0000000 -3.1875000 -5.0625000 -5.8750000 -5.9375000 -5.2812500 -2.6875000 -2.7500000 -1.0625000 0.81250000 4.3750000 4.8750000 7.1250000 9.6875000 12.187500 15.062500 19.781250 22.906250 27.843750 34.500000 38.312500 43.875000 51.187500 55.500000 61.437500 67.687500 73.937500 80.250000 86.718750 93.093750 22.363506
99.6000 -473794.53 -652.37500 -650.40625 -650.03125 -651.25000 -649.28125 -650.46875 -650.12500 -649.71875 -647.75000 -522.28125 -407.28125 -299.40625 -201.34375 -100.31250 -8.0312500 69.250000 137.93750 191.65625 237.00000 269.06250 290.15625 297.87500 232.46875 185.12500 145.06250 112.50000 86.593750 65.687500 48.187500 34.312500 22.937500 14.468750 7.8750000 3.2500000 0.0000000 -1.8750000 -2.8750000 -2.9375000 -2.4062500 -1.3437500 1.6562500 1.7500000 3.5937500 5.5625000 9.3125000 9.7500000 12.000000 14.562500 17.125000 19.875000 24.625000 27.593750 32.375000 38.937500 42.500000 47.812500 54.937500 58.937500 64.750000 70.687500 76.625000 82.718750 88.875000 95.000000 22.352362
99.8000 -473384.31 -797.21875 -795.78125 -795.15625 -795.37500 -793.90625 -794.06250 -793.43750 -792.81250 -791.34375 -665.28125 -549.28125 -442.34375 -343.46875 -242.50000 -151.78125 -72.906250 -5.9062500 48.375000 92.875000 125.84375 145.62500 153.15625 122.34375 98.531250 77.406250 59.781250 45.343750 33.593750 23.843750 16.093750 9.9062500 5.5937500 2.6875000 0.78125000 0.0000000 -0.031250000 0.71875000 2.0312500 3.6562500 5.6562500 8.6562500 10.156250 12.562500 15.031250 18.250000 19.906250 22.406250 25.281250 28.062500 31.031250 35.156250 39.093750 44.000000 49.968750 54.375000 59.812500 66.125000 70.968750 76.718750 82.468750 88.343750 94.281250 100.34375 106.28125 22.349997
