Time    U    dU_0    dU_1    dU_2    dU_3    dU_4    dU_5    dU_6    dU_7    dU_8    dU_9    dU_10    dU_11    dU_12    dU_13    dU_14    dU_15    dU_16    dU_17    dU_18    dU_19    dU_20    dU_21    dU_22    dU_23    dU_24    dU_25    dU_26    dU_27    dU_28    dU_29    dU_30    dU_31    dU_32    dU_33    dU_34    dU_35    dU_36    dU_37    dU_38    dU_39    dU_40    dU_41    dU_42    dU_43    dU_44    dU_45    dU_46    dU_47    dU_48    dU_49    dU_50    dU_51    dU_52    dU_53    dU_54    dU_55    dU_56    dU_57    dU_58    dU_59    dU_60    dU_61    dU_62    dU_63    pV
0.2000 -46664.723 0.0000000 0.0000000 0.0000000 0.0000000 0.0000000 0.0000000 0.0000000 0.0000000 0.0000000 24.042969 48.636719 73.722656 99.191406 125.27344 151.83984 178.88281 206.30078 234.34375 262.79688 291.86719 321.39844 351.31641 381.96094 413.01953 444.48438 476.39453 508.94141 541.97266 575.44922 567.54688 561.64844 557.42969 554.64062 553.06250 552.51953 552.89062 554.03906 555.87500 558.30469 561.27734 564.71875 568.57031 572.78125 577.33203 582.16797 586.39453 590.79297 594.41797 598.13281 602.89062 607.77734 612.75781 617.83594 624.05859 630.39844 636.83984 643.37891 649.99609 656.68750 663.44141 670.25781 677.13281 684.04688 690.98438 2.1621208
0.4000 -46891.387 0.0000000 0.0000000 0.0000000 0.0000000 0.0000000 0.0000000 0.0000000 0.0000000 0.0000000 21.070312 42.910156 65.378906 88.480469 112.34375 137.01172 161.99609 187.92578 214.54297 241.67188 269.55078 298.14062 327.48828 357.41406 388.01562 419.37109 451.30859 484.00781 517.26953 551.29688 541.88672 534.57422 529.04688 525.06250 522.39844 520.89062 520.39062 520.77344 521.93750 523.78906 526.24219 529.25000 532.73828 536.65625 540.96875 545.62109 549.73828 554.05859 557.63281 561.32812 566.07812 570.98047 576.00781 581.15625 587.48047 593.95312 600.55469 607.26562 614.08594 621.00781 628.01562 635.09375 642.22266 649.43750 656.67578 2.1596749
0.6000 -46902.793 0.0000000 0.0000000 0.0000000 0.0000000 0.0000000 0.0000000 0.0000000 0.0000000 0.0000000 25.527344 51.496094 77.914062 104.69141 132.02344 159.81250 187.99219 216.82812 246.08203 275.73828 305.80078 336.33984 367.39453 398.94922 430.87891 463.35547 496.21875 529.61719 563.42188 597.64844 588.89453 582.19922 577.25000 573.78125 571.56641 570.46094 570.29297 570.97266 572.38281 574.42969 577.04688 580.16016 583.72266 587.68359 592.00000 596.64062 600.70703 604.96484 608.50000 612.12109 616.77344 621.55469 626.46484 631.47656 637.62500 643.90234 650.28125 656.77734 663.35547 670.02344 676.78125 683.58594 690.46094 697.37109 704.32812 2.1570542
0.8000 -46315.594 0.0000000 0.0000000 0.0000000 0.0000000 0.0000000 0.0000000 0.0000000 0.0000000 0.0000000 29.625000 59.812500 90.210938 121.16016 152.46484 184.12500 216.29297 248.75000 281.69531 314.99219 348.71094 382.83203 417.37500 452.29297 487.58203 523.43359 559.58594 596.13672 633.05078 670.45312 656.94922 646.30859 638.06250 631.81641 627.27344 624.18750 622.34375 621.59375 621.78906 622.80859 624.56250 626.96094 629.92188 633.38281 637.30469 641.62500 645.50000 649.60156 653.03125 656.58203 661.18750 665.94531 670.85938 675.91406 682.12891 688.51172 695.04688 701.70703 708.48828 715.37109 722.34766 729.41016 736.55469 743.76562 751.01562 2.1733453
1.0000 -46904.512 0.0000000 0.0000000 0.0000000 0.0000000 0.0000000 0.0000000 0.0000000 0.0000000 0.0000000 28.441406 57.187500 86.867188 117.00781 147.75000 179.07422 210.94531 243.53906 276.67969 310.44531 344.74219 379.70703 415.16797 451.29297 488.03125 525.33594 563.32422 601.78125 640.96875 680.69531 674.78125 670.47656 667.54688 665.76953 665.01953 665.16406 666.06250 667.65234 669.84766 672.57812 675.77734 679.40234 683.40234 687.73047 692.36719 697.27734 701.55078 705.98438 709.62891 713.35547 718.11719 723.00391 727.98438 733.07031 739.27734 745.60156 752.01953 758.53516 765.12500 771.79297 778.51953 785.31641 792.16016 799.04297 805.95312 2.1717811
1.2000 -46730.449 0.0000000 0.0000000 0.0000000 0.0000000 0.0000000 0.0000000 0.0000000 0.0000000 0.0000000 21.464844 43.429688 66.035156 89.164062 112.82812 137.16797 161.99219 187.39844 213.47266 239.98438 267.06250 294.90234 323.05469 351.99219 381.32422 411.36719 441.92188 472.91797 504.75391 536.89453 529.60156 524.11328 520.18359 517.56250 516.07812 515.59375 515.97656 517.11719 518.92969 521.31641 524.23438 527.59766 531.39844 535.53906 540.01562 544.79297 548.96484 553.32031 556.90625 560.57812 565.29688 570.14062 575.07812 580.12500 586.29688 592.60156 599.00000 605.50391 612.08984 618.75781 625.49219 632.28516 639.13281 646.03906 652.96484 2.1601548
1.4000 -46899.465 0.0000000 0.0000000 0.0000000 0.0000000 0.0000000 0.0000000 0.0000000 0.0000000 0.0000000 25.445312 51.269531 77.511719 104.12109 131.17578 158.54688 186.40625 214.63281 243.25781 272.30078 301.77734 331.57031 361.82422 392.34375 423.33203 454.80859 486.68359 518.84375 551.54688 584.46484 574.21484 566.19141 560.05469 555.55078 552.42578 550.52344 549.67578 549.75000 550.63281 552.24219 554.48047 557.27344 560.57812 564.31641 568.45703 572.96094 576.94531 581.13281 584.62109 588.22266 592.84766 597.62891 602.56250 607.58594 613.78516 620.12109 626.59375 633.17188 639.86328 646.65234 653.51562 660.45703 667.46875 674.54297 681.64844 2.1868610
1.6000 -46929.812 0.0000000 0.0000000 0.0000000 0.0000000 0.0000000 0.0000000 0.0000000 0.0000000 0.0000000 31.820312 64.117188 96.781250 129.87500 163.47656 197.43750 231.90625 266.80859 302.01953 337.85547 374.12109 410.64453 447.71875 485.23047 523.14453 561.51172 600.16406 639.45312 679.12891 719.18750 709.01172 701.13672 695.21875 690.95703 688.12109 686.51172 685.94922 686.32031 687.50781 689.39844 691.91797 694.98047 698.54297 702.53516 706.91016 711.64844 715.82422 720.19141 723.81641 727.54688 732.35156 737.28516 742.36328 747.53906 753.90234 760.39844 767.02344 773.75391 780.59766 787.50781 794.50781 801.58203 808.71875 815.90625 823.12891 2.1508420
1.8000 -46263.430 0.0000000 0.0000000 0.0000000 0.0000000 0.0000000 0.0000000 0.0000000 0.0000000 0.0000000 27.097656 54.812500 83.203125 112.29688 141.87891 172.08203 203.01562 234.58203 266.82422 299.77344 333.21094 367.49219 402.25000 437.62500 473.71484 510.32812 547.74219 585.74609 624.45703 663.70312 654.48047 647.28516 641.83203 637.87109 635.18359 633.59766 632.97266 633.19922 634.16797 635.78516 637.98438 640.69141 643.85156 647.41406 651.33594 655.58203 659.34766 663.29297 666.57031 669.94531 674.29297 678.75781 683.37109 688.08203 693.86328 699.78516 705.82031 711.96094 718.18750 724.51953 730.91797 737.37500 743.90234 750.48047 757.08984 2.1935446
2.0000 -46639.680 0.0000000 0.0000000 0.0000000 0.0000000 0.0000000 0.0000000 0.0000000 0.0000000 0.0000000 26.585938 53.742188 81.414062 109.69531 138.55859 167.94531 197.80469 228.22266 259.18750 290.79297 322.78516 355.56250 388.58203 422.31250 456.69922 491.51953 526.92969 562.76172 599.36719 636.37500 626.87500 619.74219 614.56250 611.01953 608.82812 607.79688 607.75781 608.58594 610.16406 612.36719 615.17578 618.46484 622.20703 626.32031 630.80078 635.57812 639.77344 644.14062 647.75781 651.46094 656.21094 661.08594 666.07812 671.16406 677.39062 683.75000 690.21484 696.76562 703.42578 710.14453 716.93750 723.79297 730.71094 737.66406 744.65625 2.1460481
2.2000 -46581.012 0.0000000 0.0000000 0.0000000 0.0000000 0.0000000 0.0000000 0.0000000 0.0000000 0.0000000 29.566406 59.601562 90.269531 121.30078 153.02344 185.19141 217.89062 251.28125 284.99219 319.36719 354.14453 389.59766 425.45703 461.85156 498.85938 536.49219 574.44141 613.03906 652.19922 691.83203 681.41016 673.31641 667.18359 662.71875 659.67188 657.85156 657.08203 657.23828 658.19531 659.86328 662.15234 664.99219 668.30859 672.06641 676.19922 680.67969 684.64844 688.80078 692.25781 695.82422 700.40234 705.13672 709.98828 714.95703 721.06250 727.30469 733.66016 740.12891 746.69922 753.36328 760.10938 766.92188 773.78125 780.71484 787.67578 2.1886475
2.4000 -46416.543 0.0000000 0.0000000 0.0000000 0.0000000 0.0000000 0.0000000 0.0000000 0.0000000 0.0000000 27.609375 55.601562 84.101562 112.92578 142.26172 172.01562 202.22266 232.88672 263.87500 295.38281 327.30469 359.76562 392.53125 425.73047 459.43750 493.64453 528.21484 563.12891 598.60156 634.48438 625.48047 618.59766 613.50000 609.92188 607.65234 606.50391 606.33984 607.03906 608.47266 610.59766 613.27344 616.49609 620.16797 624.24219 628.69531 633.46484 637.67969 642.07031 645.71094 649.44141 654.23828 659.18359 664.24219 669.41406 675.75781 682.23438 688.83594 695.53125 702.33594 709.21094 716.17969 723.20703 730.30469 737.45312 744.62891 2.1996217
2.6000 -46334.176 0.0000000 0.0000000 0.0000000 0.0000000 0.0000000 0.0000000 0.0000000 0.0000000 0.0000000 24.332031 49.425781 74.917969 101.20703 128.00000 155.41797 183.53906 212.13672 241.45312 271.27344 301.80078 333.05078 364.69531 397.07812 430.06641 463.50781 497.69531 532.62109 567.98438 604.02734 587.75391 575.09375 565.33594 557.92578 552.48828 548.67188 546.26562 545.03906 544.82031 545.49609 546.93359 549.05078 551.75000 554.96875 558.63672 562.73047 566.40625 570.30859 573.57812 576.97656 581.38281 585.94141 590.66016 595.49609 601.46484 607.58984 613.86719 620.26953 626.77734 633.38672 640.09375 646.87500 653.72656 660.64062 667.60547 2.2076578
2.8000 -46627.688 0.0000000 0.0000000 0.0000000 0.0000000 0.0000000 0.0000000 0.0000000 0.0000000 0.0000000 24.117188 48.839844 74.156250 99.761719 125.99219 152.76562 180.04688 207.74219 236.06641 264.88281 294.05859 323.87891 354.19531 384.96094 416.25391 447.95312 480.30078 513.14062 546.41406 580.25391 574.30078 569.94922 566.98438 565.19922 564.46094 564.64453 565.62891 567.31641 569.63672 572.51562 575.89844 579.71484 583.92188 588.48438 593.36719 598.52734 603.03125 607.68750 611.51953 615.44531 620.46875 625.60938 630.85547 636.20703 642.73828 649.39062 656.14453 663.00781 669.94141 676.95703 684.04688 691.18359 698.38672 705.62109 712.90234 2.1657121
3.0000 -46539.754 0.0000000 0.0000000 0.0000000 0.0000000 0.0000000 0.0000000 0.0000000 0.0000000 0.0000000 26.246094 53.023438 80.500000 108.59766 137.12500 166.46484 196.51172 226.92969 258.15625 289.92578 322.34766 355.32031 389.00781 423.34766 458.18359 493.72656 529.95312 566.66406 604.01953 642.04297 633.75781 627.50000 622.94531 619.83984 617.98047 617.20703 617.35938 618.32812 620.00391 622.31250 625.16797 628.51172 632.28906 636.45312 640.95312 645.77344 649.98047 654.37500 658.01172 661.73438 666.49609 671.39453 676.41016 681.51953 687.77344 694.15625 700.65234 707.23828 713.91406 720.67578 727.49609 734.37891 741.33203 748.32422 755.34375 2.1817150
3.2000 -46596.949 0.0000000 0.0000000 0.0000000 0.0000000 0.0000000 0.0039062500 0.0000000 0.0039062500 0.0039062500 26.570312 53.398438 80.667969 108.28125 136.39844 164.70703 193.36719 222.44922 252.06641 281.91406 312.08594 342.69922 373.59766 405.02734 436.67969 468.73047 501.22266 534.07422 567.27344 600.78125 587.55859 577.05469 568.81641 562.49219 557.82031 554.54297 552.49609 551.49609 551.41797 552.13672 553.57031 555.61328 558.21094 561.30078 564.81250 568.71094 572.22266 575.94922 579.08203 582.30859 586.51953 590.87500 595.37500 600.00000 605.70312 611.57031 617.56250 623.68359 629.91016 636.23047 642.64844 649.14453 655.69922 662.33594 668.99219 2.1748509
3.4000 -46233.508 0.0000000 0.0000000 0.0000000 0.0000000 0.0000000 0.0000000 0.0000000 0.0000000 0.0000000 30.371094 61.140625 92.484375 124.36328 156.57422 189.40625 222.63281 256.36719 290.63672 325.33203 360.43750 396.23438 432.37500 469.12500 506.21094 543.71094 581.87500 620.57812 659.63672 699.15625 691.31250 685.32031 680.88672 677.82031 675.93750 675.08203 675.10938 675.94531 677.46875 679.59766 682.30078 685.46094 689.07422 693.05469 697.39453 702.04297 706.12500 710.38672 713.91016 717.53125 722.18359 726.95703 731.85547 736.85156 742.98047 749.23828 755.60156 762.08203 768.64844 775.29688 782.02734 788.81641 795.66406 802.56250 809.49609 2.1694200
3.6000 -46137.152 0.0000000 0.0000000 0.0000000 0.0000000 0.0000000 0.0000000 0.0000000 0.0000000 0.0000000 27.902344 56.207031 85.058594 114.25781 143.96484 174.07031 204.69922 235.92969 267.39062 299.45312 332.01172 364.94141 398.46094 432.31250 466.75000 501.60938 536.88281 572.79297 608.98047 645.72656 639.28125 634.38281 630.85938 628.52734 627.26172 626.89062 627.33203 628.50391 630.30469 632.67578 635.55078 638.88672 642.60547 646.70703 651.12500 655.82812 659.96484 664.25781 667.79688 671.44141 676.10547 680.89844 685.79297 690.80078 696.91797 703.17969 709.54688 716.00391 722.55469 729.17969 735.88672 742.65234 749.46875 756.35156 763.25781 2.1944456
3.8000 -46873.680 0.0000000 0.0000000 0.0000000 0.0000000 0.0000000 0.0000000 0.0000000 0.0000000 0.0000000 21.777344 44.105469 67.031250 90.476562 114.41797 139.08203 164.14062 189.71484 215.93359 242.58203 269.85547 297.59766 325.96484 354.78906 384.16016 414.11719 444.53516 475.56250 507.03516 539.18750 532.57031 527.68750 524.30078 522.18750 521.17188 521.12109 521.90625 523.41797 525.57812 528.32031 531.55469 535.23438 539.32031 543.75391 548.51562 553.55469 557.94922 562.50000 566.25391 570.10156 575.01172 580.03516 585.17188 590.41406 596.81250 603.32812 609.94531 616.65625 623.43750 630.32031 637.25000 644.24219 651.28516 658.38281 665.49609 2.1729255
4.0000 -46576.504 0.0000000 0.0000000 0.0000000 0.0000000 0.0000000 0.0000000 0.0000000 0.0000000 0.0000000 26.363281 53.261719 80.890625 108.93359 137.61719 166.83594 196.67969 227.04688 257.98438 289.50000 321.78516 354.50391 387.82031 421.56250 456.12500 491.04688 526.71875 562.99609 599.78906 637.06250 628.61719 622.12891 617.27734 613.85547 611.64453 610.50391 610.28125 610.85938 612.14453 614.05859 616.51172 619.44922 622.83203 626.58984 630.68359 635.09766 638.97266 643.02344 646.38281 649.83984 654.28516 658.84375 663.51562 668.29688 674.16797 680.14453 686.25781 692.44922 698.73828 705.10547 711.55078 718.05469 724.61328 731.22656 737.86719 2.1834707
4.2000 -46792.859 0.0000000 0.0000000 0.0000000 0.0000000 0.0000000 0.0000000 0.0000000 0.0000000 0.0000000 24.851562 50.089844 75.839844 102.07031 128.80859 155.96094 183.66406 211.87109 240.49219 269.69141 299.33984 329.54297 360.02344 391.15234 422.65625 454.70312 487.25000 520.20312 553.75781 587.73047 581.42969 576.72656 573.40234 571.26562 570.18750 570.01953 570.65234 571.98438 573.94531 576.46094 579.46875 582.90625 586.74219 590.91797 595.41797 600.18359 604.35547 608.68359 612.25781 615.89844 620.57812 625.37109 630.27734 635.27344 641.39062 647.61719 653.95312 660.37500 666.88281 673.46875 680.11328 686.82422 693.58203 700.39062 707.22266 2.1658883
4.4000 -46503.555 0.0000000 0.0000000 0.0000000 0.0000000 0.0000000 0.0000000 0.0000000 0.0000000 0.0000000 30.601562 61.527344 93.011719 124.83203 157.08984 189.80469 223.06250 256.67188 290.72656 325.25781 360.21094 395.63281 431.51562 467.73438 504.53516 541.58984 579.26953 617.32031 655.82812 694.76953 686.19531 679.51562 674.46484 670.81250 668.38281 667.02344 666.59375 666.97656 668.08984 669.83984 672.15625 674.98828 678.26562 681.94922 686.00781 690.37500 694.25000 698.29688 701.66016 705.13281 709.60938 714.20703 718.93750 723.78125 729.72266 735.80469 742.02734 748.33594 754.75391 761.25391 767.83594 774.49609 781.22656 788.00000 794.82031 2.1667142
4.6000 -46393.605 0.0000000 0.0000000 0.0000000 0.0000000 0.0000000 0.0000000 0.0000000 0.0000000 0.0000000 31.550781 63.472656 96.066406 129.21484 162.76953 196.94531 231.64844 267.00000 302.81250 339.09375 376.05078 413.36719 451.35938 489.83594 528.91016 568.44922 608.59766 649.22656 690.57812 732.23828 724.82031 719.32812 715.42578 712.91406 711.58203 711.27734 711.85547 713.20312 715.22656 717.84766 721.00781 724.62500 728.65625 733.05469 737.79297 742.80859 747.19531 751.75000 755.50391 759.34375 764.26953 769.30469 774.45703 779.71094 786.12500 792.66406 799.30859 806.04297 812.86328 819.76172 826.72656 833.75391 840.83594 847.96094 855.11719 2.1964016
4.8000 -46927.070 0.0000000 0.0000000 0.0000000 0.0000000 0.0000000 0.0000000 0.0000000 0.0000000 0.0000000 29.488281 59.726562 90.421875 121.84375 153.69922 186.06250 219.08984 252.83203 286.90625 321.62891 356.91016 392.67578 429.21875 466.14062 503.68359 541.96875 580.58984 619.83984 659.71875 700.15234 691.69922 685.24219 680.44141 677.08984 674.98438 673.92969 673.81641 674.51172 675.94531 677.98047 680.58594 683.67188 687.20703 691.12500 695.39453 699.97266 703.99609 708.19531 711.67578 715.25000 719.83594 724.54688 729.37500 734.31641 740.36719 746.53906 752.82422 759.20703 765.69141 772.25391 778.87500 785.57422 792.32812 799.12500 805.95703 2.1783485
5.0000 -46441.582 0.0000000 0.0000000 0.0000000 0.0000000 0.0000000 0.0000000 0.0000000 0.0000000 0.0000000 27.648438 55.753906 84.210938 113.15625 142.51172 172.21484 202.38672 232.87109 263.87891 295.26172 327.05078 359.22656 391.87109 424.93750 458.33984 492.14844 526.29688 561.00391 596.06250 631.50781 622.15234 614.93359 609.51953 605.63672 603.05859 601.60156 601.11719 601.48047 602.57812 604.33203 606.65625 609.47266 612.75391 616.42188 620.44141 624.77734 628.60547 632.61328 635.94531 639.36328 643.76172 648.29297 652.94141 657.68750 663.51562 669.47266 675.54297 681.71875 687.98047 694.32031 700.74219 707.22266 713.76562 720.35156 726.97656 2.1734633
5.2000 -46406.629 0.0000000 0.0000000 0.0000000 0.0000000 0.0000000 0.0000000 0.0000000 0.0000000 0.0000000 25.675781 51.718750 78.089844 104.86328 131.92969 159.51562 187.44141 215.72656 244.39062 273.52734 302.92188 332.72656 363.00391 393.61719 424.50781 455.97656 487.77734 519.88672 552.46094 585.26172 576.21094 569.15234 563.78906 559.87891 557.23828 555.71094 555.13281 555.40234 556.41797 558.11328 560.37109 563.16797 566.43359 570.10938 574.16016 578.55078 582.42578 586.49609 589.88281 593.37109 597.87109 602.50781 607.26953 612.16016 618.16016 624.29297 630.56641 636.93750 643.42578 649.99609 656.64844 663.38281 670.17578 677.03125 683.92578 2.1650839
5.4000 -46586.199 0.0000000 0.0000000 0.0000000 0.0000000 0.0000000 0.0000000 0.0000000 0.0000000 0.0000000 29.714844 59.921875 90.507812 121.63672 153.15234 185.21484 217.64062 250.62891 283.96875 317.83594 352.04688 386.85156 421.98828 457.59375 493.71484 530.17188 567.21484 604.66406 642.60938 680.97266 669.67188 661.01172 654.53516 649.84766 646.66016 644.75000 643.92188 644.03516 644.94141 646.54688 648.77734 651.53516 654.76953 658.41797 662.44922 666.80469 670.65234 674.69922 678.04688 681.49609 685.93750 690.51562 695.20312 700.00781 705.89844 711.92578 718.06250 724.30859 730.64453 737.06250 743.55078 750.10547 756.73047 763.39062 770.08984 2.1665077
5.6000 -46658.508 0.0000000 0.0000000 0.0000000 0.0000000 0.0000000 0.0000000 0.0000000 0.0000000 0.0000000 24.617188 49.832031 75.519531 101.78516 128.59375 155.94531 183.88281 212.26953 241.18750 270.82031 300.78125 331.40234 362.54297 394.23438 426.38281 459.16016 492.49219 526.35156 560.73047 595.65625 590.46875 586.78125 584.37500 583.10938 582.78125 583.29688 584.56250 586.46094 588.93750 591.91406 595.33594 599.15625 603.32812 607.82812 612.60938 617.63281 621.99609 626.51562 630.21094 633.99219 638.82031 643.75000 648.78516 653.89062 660.14062 666.49219 672.93359 679.45312 686.06250 692.71875 699.44922 706.21875 713.04688 719.90625 726.79688 2.1866295
5.8000 -46665.273 0.0000000 0.0000000 0.0000000 0.0000000 0.0000000 0.0000000 0.0000000 0.0000000 0.0000000 27.046875 54.675781 82.554688 110.99219 139.72266 168.78516 198.31250 228.20703 258.50391 289.16016 320.22266 351.73828 383.63281 415.93750 448.73828 481.67578 515.20703 549.07422 583.35156 618.01172 608.53906 601.15625 595.57031 591.51562 588.78125 587.21875 586.65234 586.97656 588.09375 589.89062 592.29297 595.24609 598.67188 602.53516 606.77734 611.36719 615.42969 619.67578 623.21094 626.84375 631.53516 636.36719 641.32812 646.39844 652.62891 659.01172 665.51953 672.12891 678.84375 685.65625 692.55078 699.51172 706.54297 713.63672 720.75781 2.1749508
6.0000 -46994.648 0.0000000 0.0000000 0.0000000 0.0000000 0.0000000 0.0000000 0.0000000 0.0000000 0.0000000 24.554688 49.539062 75.187500 101.15234 127.85547 154.98438 182.55078 210.86328 239.57812 268.72266 298.53906 328.93359 359.69531 391.03125 422.85547 455.30859 488.29688 521.73047 555.67578 590.17969 582.18750 576.17188 571.82031 568.87500 567.15234 566.45312 566.65234 567.64062 569.32422 571.59375 574.40234 577.68750 581.38281 585.45703 589.85938 594.56250 598.67578 602.96484 606.50000 610.13281 614.79688 619.57031 624.45703 629.46094 635.57422 641.80469 648.13672 654.57422 661.09766 667.69531 674.36719 681.09766 687.89062 694.71484 701.57812 2.1542242
6.2000 -46666.676 0.0000000 0.0000000 0.0000000 0.0000000 0.0000000 0.0000000 0.0000000 0.0000000 0.0000000 28.937500 58.183594 88.015625 118.30469 149.12891 180.31641 211.96484 244.16797 276.79688 310.01172 343.55859 377.60547 412.26172 447.25391 482.80859 518.78906 555.20703 592.17578 629.48438 667.39453 657.64844 649.98828 644.13672 639.83203 636.85547 635.05078 634.26562 634.36719 635.25000 636.82031 639.00391 641.73438 644.93750 648.56641 652.59375 656.94531 660.81250 664.86719 668.24219 671.71094 676.19922 680.82031 685.57031 690.42578 696.41016 702.51953 708.75000 715.09375 721.54297 728.07812 734.69141 741.37500 748.12109 754.91797 761.75000 2.1784086
6.4000 -46393.754 0.0000000 0.0000000 0.0000000 0.0000000 0.0000000 0.0000000 0.0000000 0.0000000 0.0000000 26.949219 54.453125 82.507812 111.13672 140.31641 170.03516 200.33594 231.25000 262.71094 294.62891 327.14453 360.29297 394.08594 428.20312 463.05469 498.54688 534.52344 570.99219 608.04297 645.70703 637.80469 631.78906 627.37891 624.35938 622.53125 621.73828 621.83984 622.73828 624.33594 626.53516 629.26953 632.50000 636.14453 640.16016 644.53906 649.20312 653.29688 657.57031 661.08984 664.71484 669.34766 674.13281 679.00781 683.99219 690.09766 696.32031 702.66406 709.08984 715.62109 722.21484 728.88281 735.61328 742.39844 749.25000 756.11328 2.1487365
6.6000 -46423.746 0.0000000 0.0000000 0.0000000 0.0000000 0.0000000 0.0000000 0.0000000 0.0000000 0.0000000 26.066406 52.906250 80.261719 108.32031 136.84766 166.05469 195.95703 226.33203 257.37109 288.92188 321.11719 353.95703 387.39844 421.50781 456.19141 491.53516 527.39844 563.91016 601.01172 638.70312 629.57422 622.45312 617.03516 613.12500 610.48438 608.96484 608.42969 608.74219 609.81641 611.55859 613.87891 616.75000 620.06641 623.80469 627.90625 632.35156 636.28125 640.39844 643.81641 647.33594 651.87109 656.53906 661.33594 666.24609 672.26953 678.43359 684.71094 691.09766 697.59375 704.17188 710.82422 717.55078 724.33203 731.17969 738.05078 2.1504560
6.8000 -46584.453 0.0000000 0.0000000 0.0000000 0.0000000 0.0000000 0.0000000 0.0000000 0.0000000 0.0000000 25.800781 52.117188 79.003906 106.39844 134.17969 162.59766 191.58594 220.94141 250.89062 281.46875 312.39453 344.08594 376.13672 408.70703 441.84375 475.41797 509.60156 544.32812 579.55078 615.26953 603.58203 594.33203 587.16016 581.73438 577.83203 575.21094 573.72656 573.21484 573.57422 574.69141 576.47266 578.85156 581.75391 585.12109 588.90625 593.05469 596.78125 600.72656 604.00781 607.41016 611.81250 616.35547 621.05078 625.87891 631.81641 637.91016 644.14062 650.49219 656.95703 663.51562 670.15625 676.89453 683.68359 690.55859 697.46094 2.1743443
7.0000 -46232.961 0.0000000 0.0000000 0.0000000 0.0000000 0.0000000 0.0000000 0.0000000 0.0000000 0.0000000 29.308594 59.273438 89.632812 120.73438 152.28906 184.35156 217.10547 250.32422 284.14844 318.42969 353.37109 388.78906 424.87109 461.53906 498.65234 536.33594 574.58594 613.45703 652.91016 692.75000 685.07031 679.16406 674.80078 671.75391 669.86719 668.98828 668.99219 669.77734 671.24609 673.32422 675.94141 679.04297 682.55859 686.46484 690.72266 695.27734 699.28125 703.46484 706.92578 710.48047 715.04688 719.74219 724.55469 729.47266 735.49609 741.64844 747.91406 754.28516 760.75000 767.28906 773.90234 780.57422 787.32422 794.10938 800.93359 2.1672904
7.2000 -46850.922 0.0000000 0.0000000 0.0000000 0.0000000 0.0000000 0.0000000 0.0000000 0.0000000 0.0000000 22.378906 45.007812 67.914062 91.292969 114.95312 138.86719 163.17188 187.77734 212.78906 238.04688 263.64062 289.62500 315.86719 342.42969 369.32031 396.56250 424.07422 451.94531 480.28906 508.77734 501.04688 495.21094 490.98438 488.11328 486.42969 485.72656 485.90234 486.84766 488.45312 490.64062 493.33984 496.50781 500.06641 503.99219 508.23438 512.75000 516.70703 520.83594 524.24219 527.73828 532.21875 536.82031 541.53125 546.32031 552.18750 558.17578 564.27344 570.44531 576.71094 583.05078 589.44531 595.91016 602.42188 608.98047 615.56641 2.1680007
7.4000 -46867.094 0.0000000 0.0000000 0.0000000 0.0000000 0.0000000 0.0000000 0.0000000 0.0000000 0.0000000 27.738281 55.953125 84.812500 114.35938 144.66406 175.49219 206.94922 239.18359 271.92578 305.39844 339.48047 374.27344 409.62109 445.55078 482.48047 519.78906 557.78906 596.35547 635.70703 675.60547 665.80078 658.11328 652.22266 647.88672 644.87500 643.03516 642.21875 642.29297 643.14844 644.70312 646.87891 649.59766 652.80469 656.44531 660.47656 664.85156 668.73438 672.80859 676.21875 679.71484 684.23047 688.88672 693.68750 698.59766 704.63672 710.82031 717.12891 723.55078 730.08984 736.70312 743.41016 750.18750 757.03125 763.92969 770.87891 2.1562355
7.6000 -46597.516 0.0000000 0.0000000 0.0000000 0.0000000 0.0000000 0.0000000 0.0000000 0.0000000 0.0000000 24.207031 48.726562 73.996094 99.863281 126.10547 153.12500 180.69922 208.76562 237.41016 266.52344 296.22266 326.51953 357.46875 388.85156 420.84766 453.47656 486.50000 520.20703 554.48047 589.28906 580.50000 573.84766 569.00000 565.66406 563.62500 562.69922 562.73438 563.61328 565.22656 567.48047 570.29297 573.60938 577.37109 581.52734 586.02344 590.83984 595.05859 599.45703 603.09375 606.83594 611.61719 616.52734 621.54688 626.69531 632.98047 639.39062 645.91016 652.54297 659.25781 666.03906 672.91406 679.83594 686.80859 693.84375 700.90625 2.2023385
7.8000 -47047.082 0.0000000 0.0000000 0.0000000 0.0000000 0.0000000 0.0000000 0.0000000 0.0000000 0.0000000 28.792969 57.894531 87.476562 117.52734 148.07812 178.88281 210.25391 241.94531 274.23047 306.68750 339.79297 373.19141 407.16797 441.38281 476.18359 511.22656 546.90625 582.85938 619.35547 656.18359 644.94141 635.98828 628.98828 623.66797 619.82422 617.24609 615.77734 615.28516 615.66016 616.78516 618.58203 620.98047 623.90625 627.30859 631.12891 635.32422 639.09375 643.08594 646.40234 649.85156 654.30859 658.92578 663.67969 668.57031 674.60156 680.78125 687.10156 693.55469 700.11719 706.78125 713.53516 720.36328 727.28125 734.26172 741.28125 2.1738360
8.0000 -46869.418 0.0000000 0.0000000 0.0000000 0.0000000 0.0000000 0.0000000 0.0000000 0.0000000 0.0000000 27.789062 56.113281 84.871094 114.12500 143.92969 173.99609 204.71484 235.84375 267.54688 299.67578 332.13281 365.31250 398.75000 432.82031 467.35938 502.43750 537.83203 573.78516 610.19922 647.12891 639.47656 633.59766 629.25000 626.22656 624.35938 623.50000 623.51953 624.31250 625.80078 627.88672 630.52734 633.64453 637.18750 641.10547 645.37500 649.94141 653.96875 658.16016 661.62500 665.18750 669.76953 674.48047 679.30469 684.23047 690.27734 696.44141 702.73047 709.10547 715.57812 722.12500 728.76172 735.46094 742.21094 749.01953 755.85547 2.1687996
8.2000 -46990.410 0.0000000 0.0000000 0.0000000 0.0000000 0.0000000 0.0000000 0.0000000 0.0000000 0.0000000 26.222656 53.031250 80.265625 108.05078 136.21875 164.89453 194.10547 223.60938 253.71094 284.29297 315.30469 346.76953 378.83984 411.32422 444.15234 477.67578 511.57812 545.95703 580.81250 616.13281 608.49219 602.62891 598.31641 595.33984 593.52344 592.72266 592.81641 593.70703 595.27344 597.47656 600.21484 603.44141 607.10156 611.15234 615.55469 620.26562 624.40625 628.71875 632.28906 635.96484 640.67578 645.51562 650.48438 655.55078 661.76953 668.10938 674.55859 681.13281 687.78516 694.52344 701.34766 708.23828 715.17578 722.16797 729.20703 2.1606925
8.4000 -46461.840 0.0000000 0.0000000 0.0000000 0.0000000 0.0000000 0.0000000 0.0000000 0.0000000 0.0000000 23.390625 47.386719 71.964844 97.222656 123.00000 149.46484 176.49609 204.24219 232.41797 261.32422 290.74219 320.85547 351.48047 382.71875 414.55469 447.11719 480.21094 513.92969 548.28125 583.19141 575.62500 569.94922 565.87891 563.19531 561.68359 561.21875 561.63281 562.84766 564.74609 567.23828 570.29297 573.80469 577.75781 582.08203 586.74219 591.69922 596.04297 600.56250 604.28516 608.10156 613.00000 618.01172 623.14453 628.37500 634.78516 641.30078 647.95312 654.67578 661.51172 668.41797 675.39062 682.42578 689.52734 696.66797 703.84375 2.1598415
8.6000 -46510.875 0.0000000 0.0000000 0.0000000 0.0000000 0.0000000 0.0000000 0.0000000 0.0000000 0.0000000 24.609375 49.875000 75.718750 102.18359 129.26953 156.98047 185.25000 213.94141 243.37891 273.45703 304.12891 335.37109 367.21094 399.55078 432.51172 466.25781 500.42969 535.19141 570.56250 606.56641 597.71094 591.01562 586.10547 582.71094 580.58594 579.55078 579.47266 580.20703 581.65234 583.72266 586.35938 589.46484 593.00781 596.93750 601.20703 605.76953 609.79297 613.98047 617.44141 620.99609 625.56641 630.25391 635.05469 639.96875 645.97266 652.10938 658.35547 664.68750 671.12109 677.63672 684.21484 690.85156 697.54297 704.29688 711.06641 2.2125366
8.8000 -46592.105 0.0000000 0.0000000 0.0000000 0.0000000 0.0000000 0.0000000 0.0000000 0.0000000 0.0000000 29.566406 59.515625 89.847656 120.59375 151.74609 183.35547 215.27734 247.47266 280.21484 313.32812 346.92188 380.78125 415.19141 449.90625 485.00000 520.54688 556.52734 592.83594 629.57812 666.67578 657.38672 650.22656 644.87109 641.02344 638.48047 637.05469 636.58984 636.97266 638.08594 639.85156 642.18359 645.01562 648.28516 651.96094 655.98438 660.32031 664.15625 668.17578 671.49609 674.91797 679.32422 683.85547 688.50391 693.26562 699.09375 705.06250 711.14453 717.33203 723.59766 729.95703 736.39062 742.87891 749.42969 756.04297 762.67578 2.1935344
9.0000 -46206.570 0.0000000 0.0000000 0.0000000 0.0000000 0.0000000 0.0000000 0.0000000 0.0000000 0.0000000 26.855469 54.335938 82.523438 111.30078 140.72266 170.82031 201.37500 232.75000 264.62891 297.24609 330.48047 364.29297 398.83594 433.89453 469.59375 506.00781 542.96094 580.57812 618.86328 657.70312 648.68359 641.71484 636.50781 632.80859 630.42578 629.19141 628.97656 629.63672 631.06641 633.19141 635.91016 639.18750 642.93359 647.12109 651.68750 656.59766 660.92969 665.46094 669.20703 673.05859 678.02344 683.11719 688.35547 693.71094 700.27344 706.97266 713.80469 720.74609 727.79297 734.92578 742.14062 749.43750 756.80469 764.21484 771.66406 2.1715536
9.2000 -46434.977 0.0000000 0.0000000 0.0000000 0.0000000 0.0000000 0.0000000 0.0000000 0.0000000 0.0000000 26.835938 54.183594 82.011719 110.35938 139.07422 168.38672 198.08594 228.42188 259.02344 290.04688 321.74609 353.81250 386.41406 419.36328 453.00391 486.97656 521.33203 556.24219 591.76953 627.58203 617.42578 609.67969 603.91406 599.80078 597.08594 595.54297 595.03125 595.37500 596.50000 598.27734 600.63281 603.49219 606.81250 610.52734 614.59766 618.97656 622.84766 626.89062 630.24609 633.68359 638.12109 642.68359 647.34766 652.13281 657.99219 663.98438 670.08203 676.28906 682.56641 688.93750 695.37891 701.88672 708.44922 715.05469 721.69531 2.1906531
9.4000 -46744.613 0.0000000 0.0000000 0.0000000 0.0000000 0.0000000 0.0000000 0.0000000 0.0000000 0.0000000 25.273438 51.054688 77.191406 103.98047 131.05469 158.65234 186.76953 215.35938 244.51562 274.05469 304.09766 334.62500 365.71094 397.16406 429.16406 461.50781 494.54688 527.93359 561.92578 596.27734 586.29297 578.55469 572.73828 568.54297 565.73047 564.11328 563.55078 563.87500 565.00391 566.82422 569.26953 572.25781 575.71875 579.60547 583.87500 588.48828 592.55078 596.83984 600.38672 604.02734 608.72266 613.55078 618.51953 623.59375 629.83203 636.19531 642.68359 649.29297 655.99609 662.78516 669.66406 676.59375 683.60938 690.67969 697.77344 2.1463985
9.6000 -46440.965 0.0000000 0.0000000 0.0000000 0.0000000 0.0000000 0.0000000 0.0000000 0.0000000 0.0000000 26.042969 52.636719 79.960938 107.67969 136.12500 165.25391 194.96094 225.40234 256.35938 288.02734 320.24609 353.25000 386.78125 420.88281 455.65234 490.99609 527.02734 563.81641 600.95703 638.91797 631.23047 625.36719 621.05859 618.10156 616.31250 615.54297 615.67969 616.58984 618.19922 620.44141 623.21875 626.48047 630.18359 634.27734 638.72656 643.48828 647.67578 652.03125 655.63281 659.33594 664.08984 668.98438 673.99609 679.09766 685.38281 691.79688 698.30469 704.93750 711.65625 718.46484 725.35938 732.31250 739.32422 746.38672 753.49219 2.1943789
9.8000 -46575.930 0.0000000 0.0000000 0.0000000 0.0000000 0.0000000 0.0000000 0.0000000 0.0000000 0.0000000 27.179688 54.867188 82.839844 111.25391 140.16797 169.43750 199.01562 229.10156 259.49609 290.27344 321.54688 353.14062 385.15625 417.57031 450.56250 483.68750 517.33984 551.26172 585.80859 620.55469 614.57031 610.23828 607.30469 605.55859 604.88281 605.09375 606.09766 607.81641 610.11719 612.97656 616.29297 620.05469 624.18750 628.64844 633.40625 638.43359 642.81250 647.33203 651.05078 654.85547 659.71875 664.68750 669.75000 674.89844 681.20703 687.61328 694.11328 700.69531 707.36719 714.09375 720.88672 727.73828 734.64062 741.58203 748.54297 2.1426179
10.0000 -46462.195 0.0000000 0.0000000 0.0000000 0.0000000 0.0000000 0.0000000 0.0000000 0.0000000 0.0000000 30.050781 60.703125 91.855469 123.68750 156.03906 188.99609 222.60547 256.63281 291.34375 326.65625 362.55859 399.09375 436.08594 473.71875 511.97266 550.67578 590.19531 630.14453 670.68750 711.83594 702.54688 695.50391 690.30078 686.66797 684.36328 683.22656 683.06641 683.76953 685.23047 687.35547 690.05078 693.25781 696.93359 701.00781 705.42578 710.17969 714.35547 718.71484 722.32031 726.03125 730.79297 735.69531 740.69531 745.82031 752.09766 758.50391 765.01562 771.64062 778.35547 785.16016 792.03125 798.97266 805.97656 813.02734 820.10938 2.1726687
10.2000 -46881.000 0.0000000 0.0000000 0.0000000 0.0000000 0.0000000 0.0000000 0.0000000 0.0000000 0.0000000 29.664062 59.835938 90.558594 121.70312 153.45312 185.67969 218.44141 251.79688 285.68359 320.02344 354.90234 390.33984 426.31641 462.75391 499.71094 537.26172 575.28125 613.87109 652.98047 692.64062 685.45312 680.05469 676.21484 673.69922 672.35156 672.02734 672.58203 673.92188 675.95312 678.60156 681.78516 685.44922 689.54297 694.01562 698.85156 703.96094 708.44922 713.10938 716.95312 720.88672 725.92969 731.10156 736.39062 741.78516 748.37500 755.09766 761.92969 768.85938 775.89844 783.00000 790.17188 797.42188 804.73438 812.07812 819.45703 2.1461210
10.4000 -46846.797 0.0000000 0.0000000 0.0000000 0.0000000 0.0000000 0.0000000 0.0000000 0.0000000 0.0000000 28.121094 56.597656 85.460938 114.65234 144.26562 174.43750 204.90234 235.86328 267.17188 299.00000 331.04297 363.66406 396.55469 429.90234 463.60547 497.88281 532.35156 567.48047 602.90234 638.67969 631.90234 626.86719 623.32812 621.09375 619.98438 619.85938 620.60156 622.10156 624.26562 627.03906 630.32812 634.08594 638.26953 642.80859 647.70312 652.88672 657.40625 662.10156 665.97266 669.93359 675.00000 680.19922 685.50391 690.90625 697.53516 704.26953 711.12500 718.05859 725.08203 732.20703 739.39453 746.63672 753.93750 761.28906 768.67188 2.1507342
10.6000 -46651.969 0.0000000 0.0000000 0.0000000 0.0000000 0.0000000 0.0000000 0.0000000 0.0000000 0.0000000 25.578125 51.761719 78.718750 106.21875 134.44922 163.19141 192.75000 222.83594 253.60547 284.98047 317.01953 349.72656 383.08203 417.04297 451.76562 487.09766 522.97656 559.50000 596.79297 634.58984 627.23438 621.82812 618.02734 615.61719 614.36719 614.12500 614.75000 616.14453 618.19922 620.85156 624.00000 627.61328 631.64062 636.01562 640.73047 645.73047 650.08594 654.60938 658.33203 662.15625 667.04688 672.04688 677.14844 682.37109 688.73047 695.22656 701.81250 708.50000 715.26562 722.11719 729.03906 736.01562 743.03906 750.11328 757.21484 2.1791251
10.8000 -46334.555 0.0000000 0.0000000 0.0000000 0.0000000 0.0000000 0.0000000 0.0000000 0.0000000 0.0000000 26.589844 53.628906 81.062500 108.83203 137.14062 165.95703 195.17578 224.90234 255.08203 285.73047 316.84375 348.25781 380.32812 412.63672 445.51562 478.87109 512.73438 546.88672 581.67969 616.75000 606.25781 598.02734 591.69922 587.01953 583.73828 581.68359 580.70703 580.65625 581.42188 582.91797 585.03516 587.73047 590.92969 594.56641 598.60547 603.00391 606.91797 611.02344 614.44531 617.96875 622.52344 627.23438 632.06250 637.01953 643.11328 649.35547 655.72656 662.20703 668.80859 675.48828 682.26172 689.10547 696.01562 702.98438 710.00000 2.1686726
11.0000 -46562.766 0.0000000 0.0000000 0.0000000 0.0000000 0.0000000 0.0000000 0.0000000 0.0000000 0.0000000 30.582031 61.691406 93.636719 126.08594 159.23438 192.97266 227.32031 262.44922 297.97266 334.37109 371.14062 408.75000 446.84375 485.62109 525.14453 565.11328 605.78516 647.14453 689.13672 731.66016 720.28906 711.45703 704.76172 699.86328 696.48828 694.41797 693.47266 693.50391 694.38281 696.00781 698.28516 701.13672 704.49219 708.30859 712.51172 717.07422 721.12109 725.37109 728.89453 732.53516 737.22266 742.05078 747.01172 752.08594 758.32031 764.69922 771.20703 777.83203 784.53906 791.34766 798.24219 805.19531 812.22266 819.30469 826.42188 2.1977439
11.2000 -46633.293 0.0000000 0.0000000 0.0000000 0.0000000 0.0000000 0.0000000 0.0000000 0.0000000 0.0000000 29.347656 59.324219 89.742188 120.81250 152.26172 184.34375 216.91797 250.16797 283.81250 317.88281 352.53906 387.75000 423.51562 459.84766 496.55469 534.02344 571.83594 610.17969 649.09766 688.58203 679.28125 672.34375 667.34375 663.94141 661.90625 661.01172 661.08203 662.01172 663.67969 665.99219 668.84766 672.21484 676.00000 680.17969 684.69531 689.52344 693.75000 698.14844 701.78516 705.51172 710.28516 715.18750 720.19922 725.31250 731.56250 737.94922 744.43750 751.01562 757.69141 764.43359 771.23828 778.11328 785.03906 792.02344 799.02344 2.1845827
11.4000 -46768.914 0.0000000 0.0000000 0.0000000 0.0000000 0.0000000 0.0000000 0.0000000 0.0000000 0.0000000 29.085938 58.492188 88.320312 118.75391 149.49219 180.70703 212.33984 244.36719 276.91016 309.83203 343.19922 376.98828 411.14844 445.82812 480.89844 516.44141 552.51172 588.83984 625.69922 662.93359 656.32422 651.28516 647.60156 645.11328 643.67578 643.16016 643.45312 644.46484 646.12500 648.35547 651.08984 654.28125 657.87109 661.83203 666.12500 670.70312 674.73047 678.91797 682.38281 685.94141 690.50781 695.19922 700.00781 704.91797 710.92188 717.05859 723.31250 729.65625 736.09375 742.62109 749.21094 755.87500 762.58984 769.35547 776.15625 2.1479151
11.6000 -46692.703 0.0000000 0.0000000 0.0000000 0.0000000 0.0000000 0.0000000 0.0000000 0.0000000 0.0000000 25.351562 51.257812 77.542969 104.37500 131.69922 159.48047 187.76953 216.59375 245.73047 275.70312 305.90234 336.65625 367.85547 399.57812 431.76562 464.51172 497.60547 531.25000 565.51562 600.09766 593.87500 589.23047 585.98047 583.92578 582.92969 582.87109 583.62500 585.10547 587.21875 589.91406 593.12109 596.78125 600.85938 605.30078 610.06250 615.12891 619.55078 624.14062 627.92578 631.80469 636.76953 641.87109 647.08203 652.39062 658.89062 665.51562 672.25000 679.09766 686.02734 693.04297 700.12891 707.26953 714.47266 721.74609 729.03125 2.1748779
11.8000 -46501.023 0.0000000 0.0000000 0.0000000 0.0000000 0.0000000 0.0000000 0.0000000 0.0000000 0.0000000 31.792969 64.011719 96.597656 129.75781 163.30469 197.25781 231.72656 266.74609 302.17969 338.17188 374.52734 411.33594 448.80859 486.61328 524.93359 563.66406 602.87891 642.54297 682.69531 723.32812 710.89453 701.25781 693.95312 688.57812 684.83984 682.48828 681.33203 681.19531 681.94141 683.46875 685.67578 688.46484 691.78125 695.55859 699.74219 704.30078 708.33203 712.58203 716.11328 719.74609 724.44531 729.28125 734.25391 739.34375 745.59766 751.98828 758.50000 765.13281 771.87109 778.68750 785.60547 792.58203 799.63672 806.72266 813.86328 2.1872811
12.0000 -46725.312 0.0000000 0.0000000 0.0000000 0.0000000 0.0000000 0.0000000 0.0000000 0.0000000 0.0000000 27.992188 56.625000 85.945312 116.07422 146.89844 178.29297 210.55469 243.35938 276.94531 311.19531 346.16016 381.91016 418.30859 455.37109 493.18359 531.61719 570.89062 610.67188 651.37500 692.67578 686.87500 682.61719 679.71875 677.96875 677.28125 677.48438 678.48438 680.20312 682.56641 685.46875 688.87891 692.74219 697.00000 701.62500 706.56250 711.78906 716.35156 721.08203 724.96875 728.94141 734.03516 739.25781 744.58203 750.00781 756.65234 763.40234 770.27734 777.23828 784.29688 791.42969 798.62500 805.88672 813.20703 820.57031 827.97656 2.1683803
12.2000 -46633.477 0.0000000 0.0000000 0.0000000 0.0000000 0.0000000 0.0000000 0.0000000 0.0000000 0.0000000 26.148438 52.847656 80.363281 108.43359 137.13672 166.54688 196.68359 227.34766 258.80469 290.93750 323.78125 357.15234 391.41797 426.24609 461.76172 497.97266 534.78125 572.16797 610.53906 649.34375 637.65234 628.51953 621.51562 616.31641 612.63281 610.25781 609.01562 608.73828 609.30859 610.62500 612.58984 615.13281 618.18750 621.68750 625.59375 629.83984 633.63672 637.63281 640.96094 644.39844 648.83984 653.41406 658.12891 662.96094 668.91406 674.99219 681.21875 687.54297 693.97656 700.50781 707.12500 713.80078 720.55078 727.35938 734.20312 2.1363745
12.4000 -46550.379 0.0000000 0.0000000 0.0000000 0.0000000 0.0000000 0.0000000 0.0000000 0.0000000 0.0000000 27.898438 56.218750 85.078125 114.51172 144.45703 174.96875 206.06250 237.67188 269.71094 302.42578 335.65625 369.42578 403.71094 438.60938 474.08984 509.93750 546.32422 583.48047 620.99609 659.10547 648.48828 640.42969 634.48438 630.27734 627.55469 626.05859 625.64062 626.15234 627.45703 629.45312 632.07031 635.21094 638.81641 642.84375 647.24219 651.96094 656.12109 660.45703 664.05469 667.73438 672.46875 677.33984 682.32422 687.42969 693.67188 700.04297 706.52344 713.11719 719.78516 726.53906 733.35938 740.25000 747.19531 754.18750 761.21484 2.1572976
12.6000 -46712.375 0.0000000 0.0000000 0.0000000 0.0000000 0.0000000 0.0000000 0.0000000 0.0000000 0.0000000 28.636719 57.824219 87.628906 118.29297 149.33203 181.09375 213.44922 246.35938 280.04297 314.28125 349.16016 384.49609 420.63672 457.26562 494.60547 532.48047 571.05469 610.23047 650.08984 690.46875 682.93750 677.23047 673.07812 670.28906 668.65625 668.05469 668.35938 669.45703 671.25781 673.67188 676.64453 680.10938 684.01172 688.30469 692.94922 697.92969 702.28516 706.82422 710.57031 714.41797 719.35938 724.42969 729.61719 734.92969 741.42578 748.04297 754.79688 761.64844 768.59766 775.63672 782.75000 789.92578 797.17578 804.47266 811.80469 2.1642151
12.8000 -46481.559 0.0000000 0.0000000 0.0000000 0.0000000 0.0000000 0.0000000 0.0000000 0.0000000 0.0000000 25.128906 50.863281 77.117188 103.88672 131.17969 159.14844 187.65234 216.67188 246.21094 276.35547 306.99609 338.26953 369.95703 402.47656 435.21484 468.67969 502.64062 537.22656 572.48828 608.03125 602.74609 598.85938 596.20312 594.58984 593.91406 594.05078 594.91016 596.40625 598.46484 601.02344 604.03125 607.42188 611.18750 615.26953 619.63672 624.25391 628.28516 632.47266 635.91406 639.44141 643.94922 648.56641 653.28516 658.08984 663.96484 669.95312 676.04297 682.21094 688.44922 694.78125 701.16406 707.60156 714.09766 720.62891 727.18750 2.2008793
13.0000 -46768.875 0.0000000 0.0000000 0.0000000 0.0000000 0.0000000 0.0000000 0.0000000 0.0000000 0.0000000 28.378906 57.382812 86.667969 116.52734 146.87500 177.69141 208.88281 240.61719 272.87109 305.60547 338.78125 372.55469 406.68359 441.35547 476.59766 512.11719 548.33203 584.85547 621.94141 659.45312 647.60547 638.41406 631.43750 626.28906 622.68750 620.42188 619.27344 619.12500 619.82812 621.28906 623.41406 626.09766 629.30469 632.96875 637.04297 641.48438 645.42188 649.56250 653.03125 656.58984 661.19922 665.94141 670.83203 675.83203 681.98828 688.28906 694.71875 701.27734 707.93359 714.68750 721.52734 728.44922 735.42578 742.47266 749.55469 2.2105272
13.2000 -46719.688 0.0000000 0.0000000 0.0000000 0.0000000 0.0000000 0.0000000 0.0000000 0.0000000 0.0000000 26.570312 53.765625 81.589844 109.86328 138.91016 168.55078 198.82812 229.60938 260.98828 292.98828 325.67969 359.00781 392.69922 427.25781 462.22266 497.84766 534.05078 571.07031 608.35156 646.53125 635.28906 626.33594 619.32422 614.01953 610.16016 607.57812 606.09766 605.59375 605.94531 607.06250 608.83594 611.21875 614.12109 617.50781 621.30078 625.48438 629.23047 633.17578 636.49219 639.91797 644.34766 648.93359 653.66016 658.51953 664.51562 670.66797 676.94141 683.36328 689.89453 696.51562 703.22656 710.02344 716.89844 723.83594 730.81641 2.1788349
13.4000 -46514.773 0.0000000 0.0000000 0.0000000 0.0000000 0.0000000 0.0000000 0.0000000 0.0000000 0.0000000 30.664062 61.804688 93.324219 125.35156 157.78125 190.72266 223.89844 257.72266 291.75781 326.32812 361.27734 396.60938 432.54297 468.71484 505.37109 542.53125 580.00781 617.90625 656.32031 695.14062 685.25781 677.44922 671.42578 666.94922 663.80859 661.83984 660.88672 660.84375 661.58984 663.02344 665.08984 667.70312 670.80859 674.35938 678.28516 682.57031 686.38672 690.40625 693.75000 697.20312 701.66406 706.25781 710.98828 715.85156 721.81641 727.94141 734.19141 740.55078 747.02344 753.58984 760.23828 766.96094 773.75000 780.60938 787.50391 2.1736047
13.6000 -46764.383 0.0000000 0.0000000 0.0000000 0.0000000 0.0000000 0.0000000 0.0000000 0.0000000 0.0000000 24.570312 49.480469 74.898438 100.69141 126.91016 153.50391 180.63281 208.15234 236.06250 264.37891 293.11719 322.24219 351.82422 381.71484 412.23438 443.06250 474.30469 505.91406 538.04688 570.50000 564.52734 560.25391 557.41406 555.80859 555.26172 555.64453 556.83203 558.71484 561.20312 564.26172 567.78125 571.72656 576.06641 580.72656 585.69922 590.93359 595.47266 600.17578 604.03516 607.98047 613.01172 618.15625 623.40234 628.73828 635.25000 641.87500 648.58984 655.38672 662.28516 669.22266 676.23828 683.30078 690.41406 697.56250 704.74609 2.1488442
13.8000 -46718.199 0.0000000 0.0000000 0.0000000 0.0000000 0.0000000 0.0000000 0.0000000 0.0000000 0.0000000 24.375000 49.273438 74.687500 100.64453 127.19531 154.21875 181.81641 209.87891 238.39453 267.58203 297.35156 327.50000 358.28906 389.53906 421.42969 453.82031 486.71094 520.08203 554.12500 588.57422 580.07812 573.47656 568.50781 564.93359 562.59375 561.30469 560.96484 561.43750 562.63672 564.48438 566.89844 569.83203 573.21484 577.00000 581.15234 585.63672 589.59766 593.75000 597.20312 600.74219 605.31250 610.00781 614.82812 619.77734 625.84375 632.05859 638.39453 644.82812 651.36719 658.00000 664.72266 671.50781 678.35938 685.26953 692.22266 2.1613894
14.0000 -46268.547 0.0000000 0.0000000 0.0000000 0.0000000 0.0000000 0.0000000 0.0000000 0.0000000 0.0000000 27.406250 55.503906 84.125000 113.45312 143.44531 174.10156 205.37500 237.27734 269.75781 302.91797 336.73047 371.11719 406.17969 441.87891 478.22266 515.18359 552.79688 591.10156 629.92969 669.40625 658.48438 649.84375 643.17188 638.18750 634.64062 632.34766 631.13281 630.87500 631.43750 632.75000 634.70312 637.22266 640.26562 643.75000 647.62500 651.87891 655.65625 659.64453 662.96875 666.40625 670.83984 675.41406 680.13672 684.96875 690.91797 697.01172 703.23828 709.58203 716.01953 722.55859 729.19141 735.87891 742.63281 749.47266 756.32812 2.1699052
14.2000 -47031.379 0.0000000 0.0000000 0.0000000 0.0000000 0.0000000 0.0000000 0.0000000 0.0000000 0.0000000 25.988281 52.445312 79.757812 107.60938 136.25391 165.43750 195.31641 225.91406 257.18750 289.13281 321.60547 354.90625 388.83203 423.46875 458.77344 494.69141 531.31641 568.60156 606.64062 645.23828 635.59766 628.09375 622.39453 618.29297 615.52734 613.95703 613.42578 613.79688 614.96094 616.84766 619.35156 622.41016 625.96875 629.96484 634.35547 639.09766 643.29297 647.69922 651.35547 655.11719 659.96484 664.94922 670.07812 675.32422 681.76172 688.34766 695.06641 701.89844 708.83203 715.87500 722.99219 730.19141 737.45703 744.76953 752.12891 2.1513340
14.4000 -46698.637 0.0000000 0.0000000 0.0000000 0.0000000 0.0000000 0.0000000 0.0000000 0.0000000 0.0000000 27.335938 55.132812 83.375000 111.93750 140.92969 170.32031 200.10938 230.32812 260.98828 292.05469 323.53516 355.41016 387.73047 420.41797 453.64453 487.10547 521.10547 555.55859 590.37500 625.59766 619.63672 615.28516 612.30859 610.51172 609.76172 609.91406 610.84766 612.48047 614.72656 617.52344 620.78906 624.49219 628.58203 633.00391 637.74609 642.75000 647.10938 651.62500 655.35156 659.14844 664.00781 668.99219 674.07422 679.25391 685.57031 692.01562 698.55078 705.18359 711.90234 718.68750 725.53906 732.45312 739.41406 746.42188 753.45312 2.1679986
14.6000 -46543.117 0.0000000 0.0000000 0.0000000 0.0000000 0.0000000 0.0000000 0.0000000 0.0000000 0.0000000 28.753906 58.203125 88.347656 119.08203 150.41016 182.44141 215.12891 248.53125 282.44922 317.05078 352.30859 388.14453 424.68359 461.89453 499.73047 538.38281 577.39453 617.16797 657.59766 698.69922 691.21875 685.59766 681.55469 678.87500 677.37500 676.89844 677.31250 678.51562 680.41406 682.89844 685.93359 689.43750 693.35938 697.67188 702.32031 707.25391 711.57422 716.07031 719.77344 723.56641 728.43750 733.41797 738.50781 743.71875 750.08203 756.55859 763.14844 769.83594 776.60938 783.45312 790.37891 797.35547 804.39062 811.48438 818.58984 2.1632414
14.8000 -47070.449 0.0000000 0.0000000 0.0000000 0.0000000 0.0000000 0.0000000 0.0000000 0.0000000 0.0000000 26.320312 53.050781 80.105469 107.80859 135.71094 164.33203 193.08594 222.46484 252.28906 282.39844 313.04688 344.23828 375.71875 407.71875 440.10156 473.05078 506.20703 540.00000 574.14844 608.74609 604.05859 600.76953 598.69922 597.69141 597.59766 598.32812 599.77344 601.84766 604.48047 607.60938 611.19141 615.15234 619.48047 624.11719 629.03516 634.20312 638.69531 643.32031 647.12500 651.01953 655.95703 661.01562 666.16797 671.41797 677.81250 684.32031 690.91406 697.59766 704.35156 711.18359 718.06250 725.00781 731.99219 739.01562 746.07031 2.1611292
15.0000 -46564.707 0.0000000 0.0000000 0.0000000 0.0000000 0.0000000 0.0000000 0.0000000 0.0000000 0.0000000 25.660156 51.722656 78.238281 105.05859 132.21094 159.83984 187.81250 216.20312 244.95312 274.21875 303.75781 333.63281 363.99609 394.69141 425.72266 457.17969 489.18359 521.38281 553.99219 587.03906 580.27344 575.15625 571.50391 569.08984 567.76172 567.41797 567.89844 569.12891 571.01172 573.48438 576.48438 579.93750 583.81641 588.05469 592.63672 597.51562 601.79297 606.23047 609.89844 613.65625 618.47656 623.42578 628.48828 633.65234 639.97656 646.42969 653.00000 659.65234 666.41016 673.24219 680.15234 687.12500 694.15234 701.24219 708.34766 2.1885982
15.2000 -46447.414 0.0000000 0.0000000 0.0000000 0.0000000 0.0000000 0.0000000 0.0000000 0.0000000 0.0000000 25.328125 51.355469 78.085938 105.52344 133.57812 162.46484 192.03516 222.27734 253.14844 284.82422 317.05469 350.04688 383.83984 418.26172 453.25000 489.12891 525.53906 562.75781 600.65234 639.19922 630.69141 624.15234 619.28125 615.83594 613.61328 612.44922 612.19141 612.73438 613.98828 615.85547 618.26953 621.16016 624.47656 628.17969 632.21875 636.57031 640.39844 644.40234 647.71875 651.11719 655.51172 660.01953 664.63281 669.35547 675.14844 681.07031 687.09375 693.21484 699.42578 705.72266 712.08203 718.50781 724.98828 731.52734 738.08984 2.1889863
15.4000 -46087.824 0.0000000 0.0000000 0.0000000 0.0000000 0.0000000 0.0000000 0.0000000 0.0000000 0.0000000 26.597656 53.488281 81.000000 108.92578 137.50391 166.55078 196.05469 226.03516 256.52344 287.50000 319.12891 351.24219 383.84766 416.91797 450.53516 484.57422 519.21484 554.37109 590.00781 626.12891 617.23828 610.35156 605.16797 601.46875 599.03516 597.71875 597.35938 597.85156 599.09766 600.99609 603.48047 606.48047 609.94531 613.82422 618.07422 622.64062 626.67188 630.89844 634.39844 638.00781 642.63281 647.41406 652.30469 657.31641 663.46094 669.73828 676.13672 682.64844 689.26172 695.95703 702.71875 709.56250 716.47656 723.43750 730.42969 2.1670861
15.6000 -46254.684 0.0000000 0.0000000 0.0000000 0.0000000 0.0000000 0.0000000 0.0000000 0.0000000 0.0000000 29.890625 60.218750 91.128906 122.65234 154.78906 187.43750 220.48047 254.35156 288.64844 323.56250 358.81250 394.91016 431.36719 468.42578 506.17578 544.28516 583.08984 622.42188 662.31250 702.73047 693.81641 686.93359 681.77734 678.12500 675.75391 674.50391 674.22266 674.80078 676.13281 678.10938 680.69141 683.79297 687.35547 691.32422 695.66016 700.32812 704.44141 708.75000 712.32422 715.98047 720.69531 725.54688 730.51953 735.60938 741.83984 748.21484 754.70703 761.30859 768.01172 774.78906 781.64844 788.57031 795.57422 802.60938 809.69531 2.1597447
15.8000 -47023.465 0.0000000 0.0000000 0.0000000 0.0000000 0.0000000 0.0000000 0.0000000 0.0000000 0.0000000 29.484375 59.503906 90.234375 121.49219 153.41406 185.88672 219.06250 252.82422 287.17969 322.10938 357.63281 393.84375 430.57812 467.97656 505.85547 544.41406 583.64062 623.54297 663.82812 704.94531 691.41797 680.54688 671.91797 665.21875 660.16406 656.53516 654.13672 652.82812 652.46484 652.92578 654.12891 655.98047 658.40234 661.33203 664.73438 668.53125 671.98047 675.66016 678.75781 681.96875 686.16406 690.51172 695.02344 699.66016 705.41016 711.32031 717.37891 723.57031 729.88672 736.30469 742.82812 749.43359 756.12109 762.87109 769.67188 2.1748862
16.0000 -46366.242 0.0000000 0.0000000 0.0000000 0.0000000 0.0000000 0.0000000 0.0000000 0.0000000 0.0000000 26.968750 54.566406 82.820312 111.64062 141.09375 171.16016 201.85156 233.30469 265.26562 297.96484 331.19531 365.06641 399.70312 434.78906 470.57422 506.97266 544.06250 581.78906 620.00391 659.02344 646.64453 636.94531 629.47266 623.87891 619.87109 617.23828 615.78125 615.33203 615.78906 617.01562 618.93750 621.45312 624.51172 628.04297 631.99219 636.31641 640.18359 644.26172 647.66016 651.17578 655.71484 660.41016 665.25391 670.22266 676.32422 682.57422 688.97266 695.48828 702.11328 708.83203 715.63672 722.52344 729.48047 736.49609 743.55078 2.1729357
16.2000 -46458.250 0.0000000 0.0000000 0.0000000 0.0000000 0.0000000 0.0000000 0.0000000 0.0000000 0.0000000 27.097656 54.570312 82.492188 110.90625 139.67969 168.98828 198.75000 228.97656 259.53516 290.65234 322.14844 354.20703 386.58984 419.39062 452.71875 486.44141 520.59375 555.29688 590.32422 625.92969 611.99609 600.73047 591.75000 584.73828 579.42578 575.58203 573.03125 571.60547 571.17969 571.62891 572.84766 574.75781 577.27734 580.33203 583.88281 587.87891 591.50000 595.36719 598.63281 602.01953 606.43359 611.02344 615.78125 620.69531 626.76562 633.00781 639.41406 645.95703 652.64844 659.44531 666.35156 673.35156 680.43359 687.59375 694.80078 2.1922021
16.4000 -46475.559 0.0000000 0.0000000 0.0000000 0.0000000 0.0000000 0.0000000 0.0000000 0.0000000 0.0000000 27.089844 54.691406 82.835938 111.39844 140.60156 170.21875 200.36719 231.05078 262.23047 293.92188 326.14844 358.84766 392.08203 425.92188 460.17188 494.91016 530.23438 566.01562 602.32031 639.12109 630.88672 624.67188 620.19141 617.17578 615.39453 614.68359 614.90234 615.93359 617.66016 620.00391 622.89062 626.25000 630.03516 634.20312 638.69141 643.49609 647.69141 652.05078 655.66406 659.34766 664.08984 668.93750 673.89453 678.95312 685.14453 691.47266 697.87500 704.39062 710.98047 717.64844 724.38672 731.17578 738.01953 744.91406 751.83203 2.1724925
16.6000 -46540.066 0.0000000 0.0000000 0.0000000 0.0000000 0.0000000 0.0000000 0.0000000 0.0000000 0.0000000 26.191406 53.117188 80.542969 108.65625 137.21484 166.58984 196.32031 226.77344 257.91016 289.67578 321.98438 354.92188 388.39844 422.64062 457.37500 492.71484 528.67578 565.23438 602.44922 640.22656 628.38281 619.31641 612.50781 607.58984 604.24609 602.24219 601.40625 601.52734 602.51953 604.23828 606.62500 609.58203 613.03906 616.93750 621.23438 625.87891 629.99609 634.30469 637.88672 641.57031 646.31641 651.19141 656.21094 661.33203 667.61719 674.05859 680.61719 687.27734 694.03516 700.88672 707.83203 714.83203 721.88672 729.01562 736.16797 2.1802874
16.8000 -46759.328 0.0000000 0.0000000 0.0000000 0.0000000 0.0000000 0.0000000 0.0000000 0.0000000 0.0000000 26.492188 53.480469 80.925781 108.96094 137.65625 166.85156 196.62109 226.86328 257.79297 289.19141 321.29688 353.74609 386.94531 420.59375 454.85938 489.59766 524.98828 560.84375 597.38672 634.40625 625.22656 618.37500 613.46875 610.19141 608.30078 607.57422 607.87500 609.03906 610.95703 613.54688 616.70312 620.38672 624.50000 629.02344 633.90234 639.08203 643.62891 648.32812 652.22656 656.19531 661.30469 666.51562 671.86328 677.30078 683.96484 690.73828 697.61719 704.60547 711.66797 718.81250 726.02734 733.30469 740.63672 748.00781 755.41406 2.1506577
17.0000 -46809.672 0.0000000 0.0000000 0.0000000 0.0000000 0.0000000 0.0000000 0.0000000 0.0000000 0.0000000 22.613281 45.664062 69.152344 93.089844 117.37109 142.10938 167.21094 192.75781 218.69531 245.14844 271.78906 299.05469 326.48438 354.57812 382.96875 411.79688 441.12109 470.75781 500.74219 531.25781 524.13672 518.96484 515.41016 513.21875 512.16406 512.09375 512.85938 514.35938 516.49609 519.18750 522.36719 525.97266 529.96094 534.29688 538.92578 543.81250 548.08203 552.49609 556.12109 559.83203 564.57812 569.42578 574.39062 579.43359 585.57812 591.84375 598.20312 604.64844 611.16406 617.75391 624.39062 631.09375 637.83984 644.63672 651.43359 2.1703682
17.2000 -46454.613 0.0000000 0.0000000 0.0000000 0.0000000 0.0000000 0.0000000 0.0000000 0.0000000 0.0000000 26.511719 53.582031 81.371094 109.62500 138.48047 167.73438 197.81250 228.22266 259.32031 291.03906 323.16016 355.98828 389.35156 423.28125 457.82812 492.92969 528.65234 564.91406 601.63672 639.05078 629.77734 622.57422 617.12500 613.18359 610.55078 609.05078 608.53906 608.89062 610.00781 611.78906 614.17188 617.07031 620.44531 624.22656 628.37500 632.85938 636.82812 640.98047 644.42969 647.98047 652.55078 657.26172 662.09375 667.02344 673.09375 679.29297 685.61328 692.04688 698.57422 705.18750 711.88672 718.64062 725.47656 732.35547 739.26953 2.1649363
17.4000 -46493.941 0.0000000 0.0000000 0.0000000 0.0000000 0.0000000 0.0000000 0.0000000 0.0000000 0.0000000 27.187500 54.843750 82.925781 111.32422 140.31250 169.51172 199.23047 229.33203 259.81641 290.67969 322.08594 353.74219 385.96875 418.50781 451.51953 484.92578 518.57812 552.78516 587.43750 622.42578 617.01562 613.08984 610.44141 608.91016 608.35547 608.66797 609.75781 611.50000 613.85156 616.75391 620.10547 623.90234 628.06641 632.58594 637.40234 642.49609 646.93750 651.52734 655.30078 659.16797 664.11719 669.17578 674.33984 679.60938 686.03906 692.58203 699.23438 705.98438 712.80469 719.70312 726.67578 733.70703 740.79297 747.91797 755.07812 2.1656635
17.6000 -46992.457 -0.0039062500 -0.0039062500 -0.0039062500 -0.0039062500 -0.0039062500 0.0000000 0.0000000 -0.0039062500 -0.0039062500 28.554688 57.742188 87.312500 117.46875 148.08203 179.35156 210.90234 243.14844 275.93750 309.24609 342.97656 377.34375 412.17969 447.64062 483.42969 519.88672 556.79297 594.28125 632.16016 670.69531 661.60938 654.64844 649.48438 645.87109 643.57812 642.41797 642.27344 643.00000 644.48438 646.64844 649.40625 652.70312 656.47266 660.65234 665.21094 670.09766 674.40234 678.90234 682.63281 686.45703 691.38672 696.43750 701.62891 706.93750 713.43750 720.07812 726.85156 733.72266 740.70703 747.76562 754.90625 762.13672 769.40625 776.75000 784.11719 2.1571953
17.8000 -46461.418 0.0000000 0.0000000 0.0000000 0.0000000 0.0000000 0.0000000 0.0000000 0.0000000 0.0000000 30.679688 61.902344 93.593750 125.88672 158.51562 191.72266 225.39062 259.60938 294.22266 329.37891 365.06250 401.25000 437.96875 475.12500 512.78125 550.98828 589.66016 628.82422 668.58594 708.71094 697.24219 688.24219 681.28125 676.08984 672.37500 669.93750 668.61719 668.23828 668.72266 669.93359 671.79688 674.23438 677.19922 680.59375 684.42188 688.58594 692.32031 696.25391 699.53516 702.92969 707.31250 711.84766 716.52734 721.32812 727.23828 733.28906 739.47266 745.77344 752.18750 758.70312 765.30078 771.96875 778.71484 785.52344 792.36328 2.1549594
18.0000 -46732.906 0.0000000 0.0000000 0.0000000 0.0000000 0.0000000 0.0000000 0.0000000 0.0000000 0.0000000 24.500000 49.355469 74.730469 100.52344 126.78906 153.38672 180.50781 208.05859 236.06250 264.44922 293.42188 322.58984 352.43359 382.66406 413.30859 444.46875 476.03906 507.92578 540.40625 573.19531 566.32031 561.11719 557.33984 554.80469 553.35547 552.84375 553.16797 554.20703 555.89062 558.14062 560.90234 564.10938 567.72266 571.67188 575.96484 580.53125 584.53125 588.69922 592.14062 595.67188 600.19141 604.83984 609.58594 614.43750 620.37500 626.43359 632.59375 638.84766 645.18750 651.60547 658.08984 664.62891 671.23438 677.88281 684.55859 2.1960874
18.2000 -46677.223 0.0000000 0.0000000 0.0000000 0.0000000 0.0000000 0.0000000 0.0000000 0.0000000 0.0000000 26.695312 53.843750 81.511719 109.69922 138.44531 167.68750 197.48047 227.77734 258.75391 290.18359 322.00391 354.46484 387.36719 420.96875 454.80469 489.35938 524.46875 560.15625 596.22656 632.92578 624.78906 618.43750 613.64453 610.19141 607.91016 606.63672 606.26562 606.67188 607.78125 609.51562 611.78906 614.53906 617.73438 621.31250 625.23828 629.47656 633.22266 637.13672 640.39844 643.75000 648.06250 652.51172 657.06250 661.73438 667.47656 673.33594 679.31250 685.39844 691.58594 697.83594 704.18750 710.58594 717.04688 723.57422 730.12109 2.1925116
18.4000 -46706.773 0.0000000 0.0000000 0.0000000 0.0000000 0.0000000 0.0000000 0.0000000 0.0000000 0.0000000 27.578125 55.707031 84.316406 113.47266 143.01172 173.12109 203.69141 234.83594 266.55078 298.64062 331.30078 364.45703 398.13281 432.32031 467.02344 502.17188 537.79297 574.16406 610.75391 647.98047 634.98438 624.85938 617.12500 611.36719 607.29688 604.66797 603.27734 602.93359 603.53125 604.91406 607.03516 609.76172 613.03516 616.81250 621.00000 625.59375 629.67188 633.98047 637.54688 641.24609 646.02344 650.95312 656.01562 661.21875 667.60156 674.15234 680.83984 687.63672 694.54688 701.55859 708.64453 715.82812 723.07422 730.37500 737.72266 2.1609738
18.6000 -46675.902 0.0000000 0.0000000 0.0000000 0.0000000 0.0000000 0.0000000 0.0000000 0.0000000 0.0000000 27.371094 55.285156 83.605469 112.37109 141.47266 171.12109 201.23828 231.71875 262.66406 294.03516 325.89062 358.15234 390.81641 424.04688 457.62500 491.68750 526.13281 561.04297 596.40234 632.23828 625.78906 620.96875 617.55078 615.34375 614.19141 613.94922 614.51562 615.80078 617.69922 620.15625 623.09766 626.48828 630.25391 634.37109 638.78906 643.50391 647.62109 651.89844 655.42188 659.03906 663.65625 668.39844 673.25000 678.18359 684.23438 690.39844 696.66406 703.00781 709.45703 715.97266 722.54297 729.19141 735.87891 742.61719 749.38281 2.1596701
18.8000 -46713.676 0.0000000 0.0000000 0.0000000 0.0000000 0.0000000 0.0000000 0.0000000 0.0000000 0.0000000 24.503906 49.621094 75.062500 100.85156 127.26172 154.06250 181.15234 208.83984 236.88281 265.32422 294.23047 323.56641 353.30469 383.58594 414.15625 445.21484 476.61328 508.54297 540.96875 573.70703 566.23438 560.60156 556.55859 553.88281 552.39844 551.96094 552.42188 553.67969 555.65625 558.24219 561.39062 565.01562 569.08203 573.54688 578.35938 583.47656 587.95703 592.61328 596.45312 600.41016 605.45312 610.64062 615.94141 621.33984 627.96484 634.71094 641.56641 648.52344 655.58594 662.71875 669.92969 677.21875 684.54297 691.93750 699.35156 2.1619399
19.0000 -47080.355 0.0000000 0.0000000 0.0000000 0.0000000 0.0000000 0.0000000 0.0000000 0.0000000 0.0000000 29.859375 60.187500 90.968750 122.08203 153.87891 186.12500 218.72266 251.96484 285.47656 319.60547 354.14062 389.21484 424.67578 460.67578 497.14844 533.91797 571.33594 609.30469 647.55078 686.41797 677.79688 671.16016 666.24609 662.81250 660.66406 659.60938 659.53516 660.31250 661.84766 664.02734 666.80469 670.11328 673.87109 678.05078 682.59766 687.47656 691.76562 696.25781 699.96484 703.77734 708.67188 713.71094 718.86719 724.14453 730.60156 737.20312 743.94141 750.76953 757.70312 764.71484 771.80859 778.98438 786.19922 793.49219 800.80469 2.1530764
19.2000 -46520.297 0.0000000 0.0000000 0.0000000 0.0000000 0.0000000 0.0000000 0.0000000 0.0000000 0.0000000 30.335938 61.300781 92.835938 124.94141 157.54688 190.75391 224.58203 258.89844 293.85938 329.30469 365.43359 402.03125 439.21875 476.94531 515.31641 554.17578 593.71094 633.78125 674.40234 715.57031 699.94141 687.60938 677.98438 670.60938 665.16016 661.32422 658.87500 657.61328 657.39844 658.08594 659.56641 661.74219 664.52344 667.85547 671.66406 675.90234 679.72266 683.77734 687.17578 690.71094 695.29688 700.04688 704.95312 710.00000 716.23828 722.64062 729.17969 735.87109 742.67188 749.58594 756.59766 763.69922 770.87109 778.10938 785.39453 2.1894803
19.4000 -46608.355 0.0000000 0.0000000 0.0000000 0.0000000 0.0000000 0.0000000 0.0000000 0.0000000 0.0000000 23.949219 48.597656 73.496094 99.199219 125.44141 152.22266 179.50391 207.39844 235.93359 264.92188 294.50000 324.78906 355.51172 386.90234 418.77344 451.16016 484.29297 517.88281 552.01562 586.76172 574.89453 565.64062 558.55078 553.26562 549.52344 547.07812 545.75000 545.39453 545.88281 547.11328 548.99219 551.43750 554.38672 557.78125 561.57031 565.71875 569.40234 573.29688 576.54297 579.89062 584.21875 588.68750 593.29297 598.01562 603.81250 609.75000 615.82422 621.99609 628.27344 634.64062 641.08984 647.62500 654.20703 660.84766 667.52734 2.1736848
19.6000 -46669.254 0.0000000 0.0000000 0.0000000 0.0000000 0.0000000 0.0000000 0.0000000 0.0000000 0.0000000 25.593750 51.734375 78.300781 105.34375 132.74219 160.70312 189.05859 217.86328 247.25391 276.94922 307.20312 337.89453 369.03125 400.65234 432.67969 465.18750 498.03906 531.53125 565.44531 599.75781 591.81641 585.79688 581.39844 578.39453 576.57812 575.78516 575.88281 576.77344 578.35547 580.53906 583.24609 586.43750 590.04297 594.01953 598.33594 602.94922 606.99219 611.21484 614.70312 618.28516 622.87109 627.59375 632.41406 637.33984 643.38672 649.53906 655.80859 662.17188 668.62891 675.15234 681.75391 688.42188 695.13281 701.91016 708.69922 2.1798587
19.8000 -46456.102 0.0000000 0.0000000 0.0000000 0.0000000 0.0000000 0.0000000 0.0000000 0.0000000 0.0000000 29.535156 59.480469 89.894531 120.86719 152.28125 184.30078 216.67188 249.57422 283.10938 316.90625 351.36719 386.33203 421.80469 457.77734 494.24219 531.01562 568.50391 606.48828 644.89844 683.79688 672.43359 663.38672 656.32422 650.98047 647.10156 644.51562 643.03125 642.53906 642.91016 644.05469 645.85938 648.26562 651.20312 654.61328 658.44922 662.66797 666.44531 670.42578 673.76172 677.21484 681.68359 686.30859 691.07422 695.97656 702.01172 708.20312 714.54297 721.00000 727.57031 734.25000 741.01562 747.87109 754.78906 761.78125 768.80859 2.1682587
20.0000 -46740.918 0.0000000 0.0000000 0.0000000 0.0000000 0.0000000 0.0000000 0.0000000 0.0000000 0.0000000 28.183594 56.875000 86.082031 115.76172 146.01562 176.69141 207.96094 239.65234 271.98047 304.73438 338.08594 371.91016 406.19531 441.00000 476.37109 512.12500 548.50000 585.35938 622.64844 660.58203 648.46094 638.84375 631.38281 625.73438 621.65625 618.93750 617.39844 616.89062 617.28125 618.47656 620.37500 622.88672 625.96094 629.51562 633.51953 637.90625 641.84375 645.99219 649.46484 653.05469 657.68750 662.49609 667.44141 672.52344 678.78906 685.21484 691.78125 698.47266 705.26953 712.17969 719.19141 726.28906 733.44531 740.66797 747.94531 2.1754420
20.2000 -46837.152 0.0000000 0.0000000 0.0000000 0.0000000 0.0000000 0.0000000 0.0000000 0.0000000 0.0000000 29.332031 59.292969 89.625000 120.41016 151.81641 183.75781 216.05078 248.90625 282.15234 316.06641 350.21484 385.05078 420.24609 456.03125 492.04297 528.76562 565.87891 603.64844 641.58594 680.23828 670.67578 663.42578 658.09766 654.37500 652.00000 650.79297 650.56641 651.19141 652.57812 654.60156 657.20703 660.31641 663.86719 667.80078 672.08984 676.69141 680.73828 684.97266 688.46094 692.05469 696.65625 701.39844 706.24609 711.19922 717.26562 723.46094 729.75781 736.16016 742.65625 749.23047 755.86328 762.58203 769.32812 776.14062 782.97656 2.1628578
20.4000 -46580.227 0.0000000 0.0000000 0.0000000 0.0000000 0.0000000 0.0000000 0.0000000 0.0000000 0.0000000 26.968750 54.441406 82.425781 111.03516 139.92969 169.46094 199.47266 229.95703 260.76172 292.32031 324.32812 356.77344 389.70703 423.25781 457.28516 491.75000 526.64062 562.11719 598.16016 634.56250 620.73047 609.93359 601.62891 595.38672 590.87109 587.82422 586.04297 585.32422 585.53516 586.56250 588.28516 590.62891 593.51172 596.87891 600.66406 604.82422 608.55078 612.48047 615.75781 619.16406 623.55469 628.11719 632.79297 637.60547 643.51953 649.58594 655.78125 662.09766 668.50781 675.02344 681.62500 688.30859 695.05078 701.84375 708.68750 2.1755898
20.6000 -46708.297 0.0000000 0.0000000 0.0000000 0.0000000 0.0000000 0.0000000 0.0000000 0.0000000 0.0000000 22.148438 44.652344 67.406250 90.578125 114.11328 137.88281 162.00781 186.60938 211.37109 236.62891 262.07812 287.92969 314.09375 340.62109 367.48047 394.71484 422.28906 450.11719 478.27734 506.82031 497.73828 490.71484 485.45703 481.71875 479.29688 478.00391 477.69531 478.27734 479.59766 481.60156 484.19141 487.30078 490.89062 494.88672 499.27344 503.97266 508.12500 512.45703 516.04688 519.73438 524.48438 529.36719 534.38281 539.50000 545.78906 552.20703 558.74219 565.38672 572.13281 578.96875 585.86719 592.84375 599.88281 606.98047 614.10938 2.1495829
20.8000 -46304.820 0.0000000 0.0000000 0.0000000 0.0000000 0.0000000 0.0000000 0.0000000 0.0000000 0.0000000 24.968750 50.261719 76.339844 102.86328 129.99219 157.69531 185.91797 214.69922 244.07812 274.14453 304.62500 335.67969 367.27734 399.48828 432.38281 465.68750 499.65625 534.14062 569.20312 604.73438 596.49219 590.35156 585.97266 583.09375 581.44141 580.86719 581.20312 582.32422 584.14844 586.55469 589.50000 592.92188 596.74219 600.92969 605.44531 610.25781 614.46094 618.82812 622.43750 626.13281 630.85938 635.70312 640.66797 645.71094 651.89844 658.19922 664.59375 671.10156 677.67969 684.33203 691.05859 697.83203 704.67188 711.55078 718.45312 2.2025533
21.0000 -46703.102 0.0000000 0.0000000 0.0000000 0.0000000 0.0000000 0.0000000 0.0000000 0.0000000 0.0000000 25.804688 52.117188 78.937500 106.30078 134.02734 162.28125 191.02344 220.26953 249.96875 280.14062 310.82422 341.95312 373.61328 405.81641 438.35938 471.43359 505.06250 539.22266 573.69531 608.76562 602.92969 598.75391 596.00391 594.46484 593.98438 594.40625 595.62891 597.54688 600.08203 603.15625 606.71875 610.69922 615.07031 619.78516 624.80078 630.07812 634.67969 639.43359 643.32812 647.32031 652.40625 657.62109 662.92969 668.33203 674.92969 681.64062 688.44531 695.35156 702.32812 709.39453 716.50781 723.67969 730.91016 738.17969 745.47656 2.1459625
21.2000 -46604.570 0.0000000 0.0000000 0.0000000 0.0000000 0.0000000 -0.0039062500 0.0000000 0.0000000 0.0000000 32.492188 65.507812 98.953125 132.78906 166.95312 201.65625 236.72266 272.33984 308.25391 344.69531 381.41797 418.70703 456.30469 494.50781 532.96094 571.93750 611.28516 651.18750 691.46094 732.07422 721.98438 714.14453 708.20703 703.89453 700.96484 699.23047 698.51953 698.71875 699.71094 701.38672 703.67969 706.50781 709.81641 713.55469 717.67969 722.13672 726.07812 730.23047 733.66016 737.19141 741.75781 746.46094 751.29297 756.23438 762.30469 768.51172 774.83984 781.27734 787.82031 794.44922 801.15625 807.94141 814.78125 821.67578 828.60547 2.1885879
21.4000 -46985.262 0.0000000 0.0000000 0.0000000 0.0000000 0.0000000 0.0000000 0.0000000 0.0000000 0.0000000 28.781250 57.949219 87.542969 117.51172 147.91406 178.70703 209.94922 241.76562 273.82422 306.33203 339.29688 372.67578 406.53516 440.66406 475.44531 510.53516 546.03516 581.91016 618.26172 655.05078 642.89453 633.50000 626.35938 621.08594 617.41797 615.09766 613.92969 613.74609 614.44531 615.89062 618.00781 620.69141 623.90234 627.56641 631.62500 636.04688 639.98828 644.12109 647.55469 651.12109 655.69531 660.42578 665.28516 670.27734 676.39844 682.66797 689.05859 695.56641 702.18750 708.89844 715.68750 722.56641 729.49609 736.48438 743.51172 2.1455142
21.6000 -46660.457 0.0000000 0.0000000 0.0000000 0.0000000 0.0000000 0.0000000 0.0000000 0.0000000 0.0000000 24.644531 49.828125 75.710938 102.23047 129.28125 157.04688 185.25000 214.21484 243.71094 273.79297 304.61328 335.92969 367.83594 400.37891 433.60547 467.32812 501.75781 536.85156 572.37891 608.58594 600.85156 594.96875 590.65234 587.70703 585.94531 585.21875 585.39453 586.37109 588.05469 590.35547 593.19531 596.53906 600.30469 604.45703 608.96094 613.77734 618.00000 622.39844 626.03906 629.76562 634.55469 639.46484 644.49609 649.63281 655.92969 662.33984 668.86719 675.49609 682.21875 689.01953 695.89062 702.82812 709.82031 716.87109 723.94922 2.1455774
21.8000 -47317.426 0.0000000 0.0000000 0.0000000 0.0000000 0.0000000 0.0000000 0.0000000 0.0000000 0.0000000 27.542969 55.617188 84.253906 113.42578 143.22656 173.40625 204.18359 235.48047 267.32812 299.79297 332.70703 366.16406 400.14062 434.63281 469.74219 505.30078 541.54688 578.15234 615.34375 653.05469 647.75391 643.98047 641.52734 640.22266 639.92578 640.49219 641.84375 643.86719 646.49609 649.66406 653.29688 657.37109 661.81250 666.59375 671.67578 677.03906 681.69531 686.50391 690.45703 694.49219 699.64844 704.91406 710.28516 715.75391 722.41797 729.20703 736.08984 743.07812 750.13672 757.26953 764.46094 771.71484 779.01953 786.37109 793.74609 2.1446192
22.0000 -46597.629 0.0000000 0.0000000 0.0000000 0.0000000 0.0000000 0.0000000 0.0000000 0.0000000 0.0000000 28.808594 58.140625 87.992188 118.33594 149.23828 180.59766 212.47656 244.81641 277.61719 311.16797 345.03516 379.41016 414.42188 449.76172 485.67578 522.17969 559.14062 596.62109 634.55469 673.05859 665.33594 659.38281 654.93750 651.82422 649.85547 648.88281 648.80078 649.48047 650.85156 652.83594 655.35156 658.34375 661.75391 665.55859 669.70703 674.14453 678.07031 682.15234 685.53516 689.01562 693.48438 698.08984 702.80078 707.62109 713.53125 719.56641 725.71484 731.96484 738.30078 744.71094 751.20703 757.75781 764.38281 771.03906 777.74609 2.1691599
22.2000 -46706.035 0.0000000 0.0000000 0.0000000 0.0000000 0.0000000 0.0000000 0.0000000 0.0000000 0.0000000 27.195312 54.859375 83.132812 111.89844 141.09375 170.83203 200.98828 231.67578 262.87500 294.62500 326.73047 359.51172 392.70703 426.35547 460.57422 495.31250 530.52344 566.15625 602.26953 638.98828 628.96094 621.18359 615.32031 611.08984 608.26562 606.64844 606.09766 606.46094 607.63672 609.53906 612.07422 615.17578 618.77344 622.80078 627.24609 632.03516 636.28516 640.73047 644.41797 648.21875 653.10547 658.14844 663.32812 668.62500 675.12891 681.78125 688.56250 695.47656 702.47266 709.58203 716.77734 724.03516 731.37891 738.77344 746.20312 2.1383312
22.4000 -46957.812 0.0000000 0.0000000 0.0000000 0.0000000 0.0000000 0.0000000 0.0000000 0.0000000 0.0000000 29.601562 59.621094 90.246094 121.39844 153.04688 185.33984 218.10938 251.50391 285.23438 319.55469 354.51172 389.84766 425.87109 462.30469 499.40625 537.01172 575.02734 613.69922 652.85547 692.50000 680.03906 670.31250 662.86328 657.32031 653.39062 650.82031 649.43359 649.06641 649.58594 650.86328 652.83203 655.39844 658.48828 662.03906 666.00000 670.34375 674.21094 678.28906 681.68750 685.19531 689.71875 694.40625 699.21875 704.16016 710.23828 716.46094 722.81250 729.28125 735.85156 742.53125 749.29297 756.12109 763.01172 769.96875 776.96875 2.1496596
22.6000 -46912.492 0.0000000 0.0000000 0.0000000 0.0000000 0.0000000 0.0000000 0.0000000 0.0000000 0.0000000 26.261719 53.097656 80.410156 108.23828 136.58203 165.36719 194.55078 224.31641 254.61719 285.35938 316.52344 348.19531 380.50000 413.26562 446.37109 480.14844 514.31250 549.03906 584.08984 619.77734 612.36719 606.77734 602.75000 600.05469 598.51172 597.96875 598.30078 599.40625 601.19141 603.57031 606.48438 609.86719 613.67188 617.85156 622.36719 627.18359 631.40625 635.80078 639.42188 643.14453 647.92188 652.79688 657.81250 662.92188 669.18359 675.57422 682.07031 688.65625 695.35547 702.11719 708.94922 715.85547 722.82031 729.82812 736.86328 2.1607785
22.8000 -46811.336 0.0000000 0.0000000 0.0000000 0.0000000 0.0000000 0.0000000 0.0000000 0.0000000 0.0000000 26.386719 53.218750 80.691406 108.66797 137.10156 166.16406 195.56250 225.50781 256.01562 287.03906 318.53906 350.58984 383.20703 416.33594 449.82031 483.98828 518.53906 553.71875 589.30859 625.47266 612.78516 603.32031 596.38672 591.49609 588.27734 586.44141 585.76562 586.08203 587.23438 589.11719 591.64062 594.69141 598.24609 602.21875 606.56641 611.22656 615.34766 619.64453 623.20703 626.87109 631.57422 636.39453 641.34375 646.39844 652.58984 658.92188 665.34766 671.88281 678.50391 685.21484 691.98438 698.82812 705.71875 712.66406 719.63281 2.1592956
23.0000 -46908.359 0.0000000 0.0000000 0.0000000 0.0000000 0.0000000 0.0000000 0.0000000 0.0000000 0.0000000 27.675781 55.863281 84.449219 113.49609 143.06641 173.26562 203.67188 234.68359 266.04297 297.91406 330.20312 363.06250 396.29297 429.99609 464.23828 498.91406 534.07422 569.73047 605.68359 642.22266 630.82812 622.23828 615.91797 611.48047 608.61328 607.07422 606.66406 607.23438 608.65234 610.78906 613.57422 616.90625 620.72266 624.98047 629.62500 634.60938 638.99609 643.56250 647.35547 651.23828 656.24219 661.36719 666.62500 671.98438 678.57422 685.26562 692.08984 699.02344 706.05469 713.16797 720.35156 727.60547 734.92578 742.28516 749.68359 2.1305797
23.2000 -46608.781 0.0000000 0.0000000 0.0000000 0.0000000 0.0000000 0.0000000 0.0000000 0.0000000 0.0000000 22.972656 46.339844 70.000000 93.980469 118.33984 142.97266 167.91797 193.28125 219.00000 244.95703 271.27344 297.96094 324.97266 352.23438 379.96484 407.92578 436.30078 464.91016 493.93750 523.22656 516.25000 511.10938 507.54297 505.28906 504.17969 504.03906 504.73828 506.17969 508.26953 510.92969 514.07812 517.67969 521.66406 526.00000 530.65625 535.56641 539.87500 544.32422 547.98828 551.73828 556.53516 561.43359 566.45312 571.57422 577.80078 584.15234 590.59766 597.14844 603.76562 610.45312 617.20703 624.00781 630.86328 637.77344 644.69531 2.1894083
23.4000 -46621.449 0.0000000 0.0000000 0.0000000 0.0000000 0.0000000 0.0000000 0.0000000 0.0000000 0.0000000 26.652344 54.128906 82.058594 110.58594 139.68750 169.23438 199.56250 230.33203 261.74219 293.56641 326.20703 359.28906 392.96484 427.18750 462.06641 497.47266 533.46484 569.97266 606.96875 644.71484 636.87500 631.00000 626.77344 623.96875 622.35938 621.79297 622.14062 623.27344 625.08594 627.50781 630.47656 633.93750 637.79297 642.04688 646.62500 651.50781 655.77734 660.22266 663.89844 667.65625 672.47656 677.42969 682.48438 687.64062 693.96094 700.38672 706.93750 713.58203 720.31250 727.11719 734.00391 740.94922 747.94531 754.99609 762.07031 2.1544018
23.6000 -46985.176 0.0000000 0.0000000 0.0000000 0.0000000 0.0000000 0.0000000 0.0000000 0.0000000 0.0000000 29.445312 59.300781 89.613281 120.50391 151.78906 183.62500 215.85938 248.63281 281.95703 315.71094 349.94141 384.74219 419.83203 455.60938 491.81641 528.38281 565.60547 603.28125 641.35938 680.01562 668.77734 659.94141 653.13281 648.06641 644.48438 642.19141 641.01562 640.80859 641.46484 642.87109 644.94531 647.58203 650.76172 654.39453 658.42188 662.82422 666.74609 670.87500 674.30078 677.86328 682.44141 687.17188 692.03906 697.02734 703.16406 709.44922 715.86328 722.39453 729.03516 735.76953 742.59766 749.48828 756.44531 763.47266 770.53906 2.1510367
23.8000 -46685.242 0.0000000 0.0000000 0.0000000 0.0000000 0.0000000 0.0000000 0.0000000 0.0000000 0.0000000 25.617188 51.699219 78.273438 105.23047 132.75391 160.63281 189.10156 217.97656 247.22656 277.07031 307.39062 338.05469 369.14062 400.84766 433.04688 465.53906 498.58203 532.17969 566.04688 600.53125 592.81250 586.99609 582.79297 579.97266 578.34766 577.74609 578.04297 579.12891 580.91406 583.29688 586.22266 589.63281 593.46094 597.65625 602.20312 607.04688 611.30469 615.71875 619.37109 623.11328 627.90625 632.83984 637.87500 643.01953 649.30859 655.73438 662.25000 668.88672 675.60547 682.41797 689.28906 696.22266 703.22266 710.26172 717.33984 2.1421268
24.0000 -46435.922 0.0000000 0.0000000 0.0000000 0.0000000 0.0000000 0.0000000 0.0000000 0.0000000 0.0000000 28.746094 57.992188 87.675781 118.07031 148.65625 180.06250 211.81250 244.18359 276.98828 310.16797 343.93750 378.23047 413.08984 448.40234 484.22266 520.61719 557.40234 594.65234 632.50781 670.87109 662.73047 656.54297 652.02344 648.95312 647.11328 646.35547 646.54297 647.55859 649.28906 651.67188 654.61719 658.07031 661.97266 666.27734 670.93750 675.91797 680.28906 684.83984 688.61719 692.48047 697.44141 702.53516 707.75781 713.08203 719.60938 726.26562 733.04688 739.92578 746.89844 753.97656 761.10156 768.33203 775.60156 782.93359 790.28906 2.1659579
24.2000 -46257.102 0.0000000 0.0000000 0.0000000 0.0000000 0.0000000 0.0000000 0.0000000 0.0000000 0.0000000 26.027344 52.566406 79.886719 107.98828 136.56641 165.96484 195.97266 226.58203 258.07031 289.98438 322.80078 356.07031 390.15234 424.90625 460.35547 496.44141 533.18359 570.60547 608.71875 647.49219 638.19922 631.04688 625.69922 621.90234 619.40625 618.07031 617.72266 618.23828 619.50391 621.45312 623.99609 627.04688 630.57812 634.52734 638.84375 643.49609 647.58984 651.88281 655.44141 659.09766 663.81250 668.65625 673.61719 678.70312 684.93750 691.31641 697.81250 704.42188 711.12109 717.92188 724.78516 731.73438 738.74219 745.80859 752.90234 2.1813128
24.4000 -46738.258 0.0000000 0.0000000 0.0000000 0.0000000 0.0000000 0.0000000 0.0000000 0.0000000 0.0000000 26.089844 52.695312 79.941406 107.85938 136.15625 165.01562 194.52734 224.57422 255.14062 286.28516 318.03516 350.27734 383.13672 416.37500 450.40234 485.01562 520.07812 555.60938 591.92578 628.60156 616.23438 606.62891 599.31250 593.92188 590.14844 587.76953 586.57422 586.41797 587.16406 588.67969 590.88672 593.69141 597.05469 600.87109 605.10938 609.72266 613.82422 618.13281 621.72266 625.43359 630.20312 635.12891 640.20312 645.39453 651.77344 658.31250 664.97266 671.75781 678.65234 685.63672 692.70703 699.86328 707.07812 714.35938 721.67578 2.1615851
24.6000 -46612.262 0.0000000 0.0000000 0.0000000 0.0000000 0.0000000 0.0000000 0.0000000 0.0000000 0.0000000 26.433594 53.410156 80.937500 109.08594 137.70703 167.01953 196.80078 227.10547 258.00781 289.50781 321.44922 354.07031 387.13672 420.76562 454.83203 489.66016 524.97656 560.92578 597.37500 634.31641 624.83984 617.48828 611.95312 607.95703 605.29688 603.78906 603.27734 603.64062 604.75781 606.54297 608.91797 611.83594 615.19531 618.97266 623.12500 627.60156 631.54297 635.68750 639.11328 642.64453 647.19531 651.87891 656.67578 661.58594 667.61719 673.77734 680.04688 686.43359 692.91016 699.47266 706.10547 712.80859 719.58594 726.40234 733.25000 2.1699553
24.8000 -46563.465 0.0000000 0.0000000 0.0000000 0.0000000 0.0000000 0.0000000 0.0000000 0.0000000 0.0000000 25.929688 52.406250 79.281250 106.60547 134.60156 162.83203 191.76953 220.98828 250.60938 280.75781 311.29297 342.47656 374.00000 406.03906 438.46875 471.47266 504.80859 538.68359 573.02344 607.78125 599.14453 592.39844 587.30859 583.64453 581.25781 579.95703 579.62891 580.17578 581.48828 583.47266 586.08203 589.22266 592.85938 596.92188 601.38672 606.20312 610.45703 614.91797 618.60547 622.41406 627.32031 632.37500 637.56641 642.87109 649.39453 656.06641 662.87891 669.79688 676.83203 683.96484 691.18750 698.48438 705.85156 713.27734 720.75781 2.1540234
25.0000 -46149.109 0.0000000 0.0000000 0.0000000 0.0000000 0.0000000 0.0000000 0.0000000 0.0000000 0.0000000 27.191406 54.722656 82.664062 110.99609 139.89844 169.13281 198.68750 228.70703 259.11719 290.06250 321.42969 353.16406 385.25000 417.87109 450.81250 484.21484 518.09766 552.31250 586.93359 621.99219 610.92969 602.32031 595.74609 590.87891 587.44922 585.26562 584.14844 583.92969 584.51562 585.79688 587.67188 590.08984 592.97266 596.28906 599.96484 603.97266 607.53906 611.28516 614.40625 617.63281 621.79688 626.08203 630.48828 635.01562 640.57031 646.26172 652.06641 657.97266 663.98047 670.06641 676.23438 682.45312 688.75391 695.08594 701.46484 2.1989596
25.2000 -46555.180 0.0000000 0.0000000 0.0000000 0.0000000 0.0000000 0.0000000 0.0000000 0.0000000 0.0000000 26.968750 54.578125 82.554688 111.06641 140.13281 169.81250 199.63672 230.18359 261.30469 292.66797 324.72656 357.13672 390.14453 423.61719 457.63281 492.14453 527.05859 562.43750 598.37891 634.79297 624.05078 615.68750 609.30469 604.60938 601.37109 599.36328 598.46484 598.49219 599.34766 600.92578 603.12109 605.89453 609.15234 612.86328 616.95703 621.40625 625.35938 629.49219 632.93359 636.48438 641.06641 645.78516 650.63672 655.60547 661.70312 667.94531 674.30859 680.78906 687.36719 694.03125 700.77734 707.60938 714.48828 721.42578 728.40234 2.1634102
25.4000 -46417.883 0.0000000 0.0000000 0.0000000 0.0000000 0.0000000 0.0000000 0.0000000 0.0000000 0.0000000 30.472656 61.304688 92.878906 125.05469 157.64453 190.62500 224.26953 258.32031 293.03516 328.21094 364.06641 400.26172 437.00391 474.36719 512.07812 550.55078 589.36719 628.87891 668.66016 709.20312 699.16016 691.35547 685.45703 681.16406 678.25000 676.51953 675.82422 676.02344 677.00781 678.69141 680.98047 683.81250 687.12109 690.87109 695.00391 699.45703 703.41406 707.55859 711.01172 714.55859 719.12891 723.83984 728.69922 733.64844 739.74609 745.97656 752.33203 758.80469 765.36328 772.02734 778.75781 785.56641 792.44531 799.38672 806.34375 2.1799169
25.6000 -46788.309 0.0000000 0.0000000 0.0000000 0.0000000 0.0000000 0.0000000 0.0000000 0.0000000 0.0000000 27.785156 56.089844 84.828125 114.16016 143.86719 174.11719 204.95312 236.25391 267.96875 300.25000 333.05078 366.30859 400.11719 434.21875 469.12891 504.37109 540.12500 576.37500 613.12891 650.35156 642.50781 636.52344 632.11328 629.03906 627.13281 626.23438 626.20312 626.94531 628.36719 630.39062 632.91406 635.92578 639.33594 643.11328 647.24219 651.65234 655.52344 659.57812 662.92188 666.36328 670.77344 675.32812 679.96484 684.72656 690.54297 696.49609 702.54297 708.69531 714.92188 721.22656 727.61719 734.06641 740.55859 747.11719 753.69141 2.1777163
25.8000 -46658.789 0.0000000 0.0000000 0.0000000 0.0000000 0.0000000 0.0000000 0.0000000 0.0000000 0.0000000 26.839844 54.121094 81.773438 109.85156 138.26562 167.01172 196.24609 225.89062 255.92578 286.36328 317.07031 348.25000 380.00781 411.84766 444.33203 477.09766 510.21094 543.76562 577.75391 612.09766 601.98828 594.35938 588.77734 584.87109 582.39453 581.09375 580.81641 581.42188 582.78906 584.82422 587.43750 590.57422 594.16797 598.14453 602.48438 607.14453 611.25781 615.53906 619.08984 622.72266 627.39844 632.20312 637.12109 642.14453 648.30469 654.60156 661.00000 667.49219 674.08203 680.76172 687.50391 694.31250 701.17188 708.08203 715.03125 2.1385236
26.0000 -46552.344 0.0000000 0.0000000 0.0000000 0.0000000 0.0000000 0.0000000 0.0000000 0.0000000 0.0000000 26.863281 54.054688 81.710938 109.69531 138.05469 166.73047 195.95312 225.35938 255.20703 285.23047 315.83203 346.73047 378.14453 409.66406 441.67969 474.21094 506.75781 539.89844 573.47656 607.30859 600.60547 595.55469 591.90625 589.48828 588.11719 587.67188 588.01172 589.06641 590.75000 592.96484 595.68750 598.83203 602.37109 606.24609 610.44141 614.89844 618.82031 622.88281 626.24609 629.70312 634.12500 638.66406 643.30078 648.04297 653.83984 659.75000 665.78125 671.87500 678.07422 684.33984 690.67188 697.07031 703.51953 710.00781 716.52734 2.1696205
26.2000 -46585.031 0.0000000 0.0000000 0.0000000 0.0000000 0.0000000 0.0000000 0.0000000 0.0000000 0.0000000 27.277344 55.140625 83.230469 111.73047 140.69922 169.82031 199.46094 229.41797 259.80859 290.57031 321.69531 353.09375 384.93359 417.10547 449.58594 482.48438 515.84766 549.47266 583.42969 617.83203 611.10547 606.10938 602.55859 600.26562 599.06641 598.80469 599.38672 600.67969 602.63281 605.14453 608.16797 611.64844 615.52344 619.75391 624.30859 629.15234 633.39844 637.78906 641.42578 645.14453 649.91016 654.78125 659.78516 664.87891 671.11328 677.46875 683.93359 690.49609 697.13672 703.86328 710.64844 717.51172 724.42578 731.38281 738.37500 2.1899579
26.4000 -46393.453 0.0000000 0.0000000 0.0000000 0.0000000 0.0000000 0.0000000 0.0000000 0.0000000 0.0000000 27.179688 55.058594 83.273438 111.98828 141.11719 170.87109 200.94141 231.46094 262.58984 294.12891 326.23828 358.63281 391.62500 425.09766 458.86719 493.27734 528.14062 563.52734 599.14062 635.42578 628.72656 623.72656 620.15234 617.83594 616.60938 616.32422 616.85938 618.11328 620.00781 622.46484 625.41406 628.80859 632.59375 636.73438 641.18359 645.91406 650.05078 654.33203 657.88281 661.50000 666.14453 670.90234 675.76172 680.72266 686.79297 692.97266 699.24219 705.61328 712.07031 718.58984 725.17969 731.82812 738.53125 745.28125 752.04297 2.1885791
26.6000 -46916.176 0.0000000 0.0000000 0.0000000 0.0000000 0.0000000 0.0000000 0.0000000 0.0000000 0.0000000 26.558594 53.453125 80.945312 108.87109 137.16797 166.01953 195.21094 224.86328 254.91016 285.48828 316.53516 347.96875 379.85156 412.20312 445.08203 478.33984 512.12109 546.26562 580.87891 615.91016 604.90234 596.34766 589.83984 585.05078 581.71484 579.63672 578.64453 578.59375 579.35547 580.83984 582.95312 585.62891 588.80469 592.41406 596.42188 600.77344 604.63672 608.70312 612.07422 615.57031 620.07031 624.71875 629.48828 634.37891 640.39453 646.54297 652.83203 659.23047 665.72656 672.32031 678.98438 685.72266 692.54688 699.41016 706.31641 2.1784935
26.8000 -46888.051 0.0000000 0.0000000 0.0000000 0.0000000 0.0000000 0.0000000 0.0000000 0.0000000 0.0000000 25.468750 51.484375 77.707031 104.48828 131.60938 159.05859 187.07031 215.30469 244.00391 273.06641 302.58594 332.46875 362.65234 393.38281 424.46484 455.98047 487.87500 520.12109 552.72266 585.85156 578.97266 573.84375 570.19141 567.83594 566.58203 566.30078 566.86719 568.17188 570.12109 572.65625 575.69922 579.19141 583.08203 587.34766 591.91406 596.76953 601.01953 605.42578 609.05469 612.78125 617.54297 622.42578 627.41016 632.50000 638.72266 645.05859 651.49609 658.02344 664.64062 671.32812 678.08594 684.89453 691.76172 698.68359 705.61719 2.1407783
27.0000 -46847.359 0.0000000 0.0000000 0.0000000 0.0000000 0.0000000 0.0000000 0.0000000 0.0000000 0.0000000 25.500000 51.476562 77.960938 104.99219 132.53516 160.48047 189.01953 217.99609 247.73438 277.67578 308.19531 339.33594 370.92969 403.03906 435.70312 468.70312 502.57031 536.69531 571.39062 606.52344 594.36328 584.75391 577.33203 571.70703 567.64844 564.92578 563.36328 562.80469 563.11719 564.20312 565.94922 568.30469 571.17969 574.50391 578.25000 582.37109 586.04688 589.94141 593.19141 596.55078 600.89062 605.37891 609.99609 614.75391 620.60156 626.58984 632.71094 638.95312 645.29688 651.73828 658.25781 664.86328 671.52344 678.23828 685.00391 2.1962724
27.2000 -46869.391 0.0000000 0.0000000 0.0000000 0.0000000 0.0000000 0.0000000 0.0000000 0.0000000 0.0000000 29.187500 58.851562 89.007812 119.58984 150.67969 181.97656 214.03906 246.51172 279.35156 312.73047 346.62109 380.78906 415.67188 450.78125 486.46484 522.51172 559.12109 596.12891 633.70312 671.60938 664.00000 658.18750 653.95703 651.08203 649.37109 648.67969 648.88281 649.87891 651.55078 653.83984 656.66797 659.98438 663.73438 667.84766 672.30859 677.07812 681.26953 685.62891 689.22266 692.92578 697.66406 702.54297 707.51562 712.60156 718.83594 725.19922 731.67188 738.25391 744.91016 751.66016 758.46875 765.35156 772.29297 779.27734 786.30078 2.1751432
27.4000 -46527.988 0.0000000 0.0000000 0.0000000 0.0000000 0.0000000 0.0000000 0.0000000 0.0000000 0.0000000 24.347656 49.250000 74.695312 100.63672 127.01562 154.18359 181.78125 209.87500 238.76562 268.12891 297.95312 328.47266 359.43359 391.00391 423.01172 455.60156 488.84375 522.62500 556.96875 591.80078 583.21875 576.91406 572.46094 569.53906 567.89453 567.34766 567.73828 568.93359 570.83203 573.33984 576.39453 579.91797 583.86328 588.16797 592.81641 597.75000 602.06641 606.54688 610.23828 614.02344 618.87500 623.83203 628.90234 634.06641 640.41016 646.85547 653.40625 660.04297 666.77734 673.57422 680.43750 687.37500 694.36328 701.38672 708.44922 2.1811035
27.6000 -46467.254 0.0000000 0.0000000 0.0000000 0.0000000 0.0000000 0.0000000 0.0000000 0.0000000 0.0000000 26.679688 53.851562 81.421875 109.30859 137.82031 166.70312 196.05078 225.69922 255.93750 286.47266 317.49609 349.00000 380.91797 413.15234 445.84375 479.06641 512.75000 546.81250 581.26562 616.21875 609.28125 604.01172 600.22656 597.69531 596.27734 595.83984 596.25781 597.43750 599.29688 601.75391 604.73828 608.20703 612.09766 616.37500 620.99219 625.91797 630.22656 634.72656 638.43359 642.23438 647.11719 652.12891 657.26172 662.50391 668.91406 675.45703 682.10938 688.87109 695.73438 702.67188 709.68750 716.77734 723.91016 731.10547 738.33203 2.1595166
27.8000 -46660.844 0.0000000 0.0000000 0.0000000 0.0000000 0.0000000 0.0000000 0.0000000 0.0000000 0.0000000 28.582031 57.859375 87.625000 118.12109 149.09375 180.59766 212.72656 245.49219 278.82031 312.64062 347.09375 382.15625 417.83984 453.98047 490.84766 528.25000 566.19531 604.74609 643.87891 683.61328 672.62891 663.95703 657.26562 652.27344 648.73828 646.45703 645.28516 645.07031 645.69531 647.07031 649.08984 651.69141 654.80078 658.37891 662.35938 666.70312 670.56641 674.64453 678.03906 681.54688 686.07422 690.74219 695.56250 700.49219 706.57031 712.77734 719.13672 725.59766 732.16797 738.83203 745.58203 752.40625 759.30078 766.26953 773.26562 2.1933424
28.0000 -46241.465 0.0000000 0.0000000 0.0000000 0.0000000 0.0000000 0.0000000 0.0000000 0.0000000 0.0000000 27.234375 54.707031 82.441406 110.43359 138.59375 167.05078 195.83203 224.89453 254.16406 283.80859 313.51953 343.66797 374.04688 404.55469 435.27344 466.46875 497.96875 529.52344 561.51953 593.62500 585.89844 580.01172 575.69531 572.74219 570.94922 570.17578 570.30859 571.21094 572.79297 574.98828 577.71484 580.92578 584.55859 588.56641 592.91016 597.55469 601.63281 605.89062 609.39453 613.00391 617.62891 622.38281 627.25000 632.21875 638.29688 644.52344 650.83984 657.25391 663.76172 670.36328 677.01953 683.74219 690.51953 697.35156 704.21094 2.2021408
28.2000 -46746.125 0.0000000 0.0000000 0.0000000 0.0000000 0.0000000 0.0000000 0.0000000 0.0000000 0.0000000 21.839844 44.285156 67.332031 90.753906 114.71094 139.16797 164.05469 189.50000 215.38281 241.82812 268.79688 296.17188 324.16016 352.51953 381.49609 410.90234 440.81641 471.16406 502.12109 533.48438 522.64844 514.18750 507.71875 502.91406 499.53516 497.37500 496.26953 496.04688 496.63672 497.89453 499.78125 502.19141 505.06641 508.35938 512.01562 516.01562 519.55469 523.30078 526.40625 529.62500 533.77344 538.05078 542.43359 546.94922 552.49609 558.16797 563.94922 569.84375 575.83594 581.90234 588.04688 594.26172 600.53516 606.85938 613.21094 2.1648338
28.4000 -46747.957 0.0000000 0.0000000 0.0000000 0.0000000 0.0000000 0.0000000 0.0000000 0.0000000 0.0000000 28.429688 57.542969 87.222656 117.35938 148.14062 179.44141 211.24219 243.58594 276.55859 309.91797 344.02734 378.59375 413.76562 449.40625 485.61328 522.35547 559.69531 597.61719 635.96484 674.94141 660.30859 648.70703 639.58984 632.54688 627.26953 623.50781 621.01172 619.65625 619.26172 619.71094 620.89453 622.74219 625.18359 628.12500 631.51172 635.32031 638.76172 642.44922 645.53125 648.74609 652.92969 657.26953 661.76953 666.40234 672.13281 678.01953 684.06641 690.23047 696.50781 702.89844 709.37891 715.95703 722.60547 729.31641 736.08594 2.1563916
28.6000 -46772.309 0.0000000 0.0000000 0.0000000 0.0000000 0.0000000 0.0000000 0.0000000 0.0000000 0.0000000 27.523438 55.363281 83.761719 112.26172 141.21094 170.52734 200.33594 230.37500 260.69141 291.52344 322.57422 354.06250 385.92188 417.93359 450.54297 483.56641 516.77734 550.32031 584.40234 618.70312 609.76562 602.81641 597.57422 593.77734 591.27344 589.85547 589.37500 589.75000 590.84766 592.58984 594.90625 597.73438 601.00391 604.67969 608.70703 613.06250 616.88672 620.90625 624.23828 627.67188 632.08594 636.62109 641.29297 646.05469 651.91797 657.89062 663.98828 670.17969 676.48047 682.83984 689.28906 695.79688 702.37109 708.99609 715.64453 2.1850667
28.8000 -46730.129 0.0000000 0.0000000 0.0000000 0.0000000 0.0000000 0.0000000 0.0000000 0.0000000 0.0000000 29.187500 58.921875 89.222656 120.11719 151.58594 183.71875 216.41406 249.59766 283.40234 317.80078 352.71875 388.30859 424.48438 461.24609 498.42188 536.22656 574.69141 613.87891 653.41016 693.58984 685.63281 679.55469 675.08203 672.00781 670.14062 669.32812 669.43359 670.35547 671.99609 674.26953 677.10156 680.44531 684.21875 688.39844 692.91797 697.77344 702.03125 706.47656 710.14844 713.91406 718.75781 723.72266 728.81250 734.01562 740.38281 746.88281 753.50000 760.21875 767.03516 773.92969 780.90625 787.94922 795.04688 802.19922 809.38672 2.1704583
29.0000 -46485.617 0.0000000 0.0000000 0.0000000 0.0000000 0.0000000 0.0000000 0.0000000 0.0000000 0.0000000 24.367188 49.250000 74.652344 100.59375 127.21484 154.17969 181.72656 209.77734 238.28125 267.58203 297.17578 327.34766 358.05469 389.10938 421.00000 453.25781 486.06641 519.34766 553.25391 587.58594 580.44141 575.13672 571.40234 568.99219 567.71484 567.42188 567.98438 569.28906 571.25000 573.78125 576.82031 580.30859 584.19531 588.42578 592.98438 597.81250 602.03125 606.41016 610.01562 613.71094 618.44141 623.28125 628.24219 633.26953 639.44531 645.73047 652.10547 658.57812 665.12891 671.75391 678.44531 685.17969 691.98828 698.82031 705.69141 2.1677568
29.2000 -46692.219 0.0000000 0.0000000 0.0000000 0.0000000 0.0000000 0.0000000 0.0000000 0.0000000 0.0000000 24.210938 48.933594 74.117188 99.718750 126.01953 152.72266 179.93359 207.52344 235.75000 264.38672 293.56641 323.07422 353.30078 383.86719 414.80859 446.56250 478.54297 511.08594 544.10938 577.61328 569.06641 562.59766 557.87109 554.64062 552.67578 551.81641 551.89844 552.80859 554.44531 556.70703 559.53516 562.85938 566.60938 570.74609 575.21875 580.00391 584.19141 588.55469 592.15234 595.85547 600.59766 605.45312 610.42578 615.49219 621.69922 628.02344 634.44531 640.98047 647.59375 654.26953 661.02344 667.83203 674.70312 681.60938 688.54297 2.1986330
29.4000 -46777.328 0.0000000 0.0000000 0.0000000 0.0000000 0.0000000 0.0000000 0.0000000 0.0000000 0.0000000 28.199219 56.925781 86.039062 115.35156 145.16016 175.37891 205.98438 236.98828 268.44922 300.14062 332.36328 364.99219 397.89062 431.24219 464.96094 499.02734 533.64062 568.43750 603.89453 639.51172 631.31641 625.08203 620.50000 617.31641 615.35547 614.43359 614.40625 615.18750 616.66406 618.75391 621.37109 624.48828 628.02344 631.93359 636.19141 640.74609 644.75781 648.93359 652.38672 655.92969 660.47656 665.16406 669.95312 674.85547 680.84375 686.96875 693.20703 699.53516 705.94922 712.46094 719.03125 725.65625 732.34375 739.08984 745.85547 2.2026749
29.6000 -46935.805 0.0000000 0.0000000 0.0000000 0.0000000 0.0000000 0.0000000 0.0000000 0.0000000 0.0000000 24.171875 48.812500 73.957031 99.742188 125.89062 152.58594 179.81641 207.67188 235.90234 264.68750 293.96094 323.78516 354.17969 385.04688 416.44531 448.42969 480.76562 513.69141 547.19922 581.16406 570.97266 563.03906 557.00781 552.58984 549.55469 547.72266 546.92188 547.03906 547.92969 549.53906 551.74219 554.51562 557.76172 561.42969 565.50000 569.89844 573.81250 577.93359 581.33984 584.85938 589.40234 594.08203 598.89844 603.82812 609.88281 616.08203 622.41406 628.85547 635.39062 642.02734 648.74609 655.53125 662.39453 669.30078 676.25391 2.1553967
29.8000 -46757.176 0.0000000 0.0000000 0.0000000 0.0000000 0.0000000 0.0000000 0.0000000 0.0000000 0.0000000 28.769531 57.933594 87.832031 118.08984 148.95312 180.36719 212.17969 244.51953 277.33984 310.75000 344.67969 379.05469 413.84375 449.37109 485.22656 521.82422 558.75391 596.21484 634.17188 672.67969 658.92188 648.16016 639.83594 633.54688 628.96094 625.82422 623.91406 623.06641 623.12109 623.97656 625.53516 627.69531 630.39062 633.56250 637.14844 641.10156 644.66016 648.41406 651.55469 654.81641 659.02344 663.39453 667.89453 672.51172 678.19922 684.03906 690.00781 696.09766 702.28516 708.56641 714.93359 721.37891 727.89062 734.46094 741.05859 2.1488335
30.0000 -46688.961 0.0000000 0.0000000 0.0000000 0.0000000 0.0000000 0.0000000 0.0000000 0.0000000 0.0000000 21.164062 43.042969 65.410156 88.308594 111.80469 135.80469 160.40625 185.52344 211.23438 237.43750 264.33203 291.69922 319.54297 347.97656 377.03906 406.52734 436.69922 467.41797 498.69922 530.42188 522.04297 515.60547 510.82031 507.46875 505.34766 504.31250 504.22266 504.95703 506.41797 508.51172 511.18750 514.35547 517.99219 522.01172 526.39062 531.08594 535.22266 539.53906 543.10547 546.77344 551.47656 556.33203 561.29297 566.36328 572.58594 578.92969 585.38281 591.95703 598.61328 605.35547 612.17188 619.05469 625.99219 632.98438 640.01172 2.1764810
30.2000 -46899.277 0.0000000 0.0000000 0.0000000 0.0000000 0.0000000 0.0000000 0.0000000 0.0000000 0.0000000 28.980469 58.433594 88.375000 118.73047 149.58594 180.75781 212.55078 244.60547 277.29297 310.43359 343.93359 377.99219 412.38672 447.36328 482.70312 518.54297 554.83984 591.57031 628.73438 666.38281 657.35156 650.33984 645.06250 641.29297 638.84375 637.51172 637.19922 637.76172 639.10547 641.14062 643.78125 646.97656 650.64844 654.75391 659.25000 664.10547 668.37891 672.85547 676.56641 680.38672 685.30078 690.36719 695.55859 700.86719 707.38281 714.05469 720.83594 727.75391 734.76562 741.87109 749.06641 756.32812 763.66797 771.05859 778.48438 2.1661191
30.4000 -46912.574 0.0000000 0.0000000 0.0000000 0.0000000 0.0000000 0.0000000 0.0000000 0.0000000 0.0000000 27.691406 55.851562 84.246094 113.08594 142.25781 171.80859 201.72656 232.08594 262.68750 293.65234 325.09766 356.82422 388.76953 421.28125 454.03125 487.25391 520.82031 554.63281 588.87500 623.48047 612.16016 603.16406 596.17188 590.88672 587.08203 584.57812 583.21094 582.83594 583.32812 584.59375 586.53906 589.10156 592.18750 595.75781 599.76172 604.15234 608.07812 612.21484 615.67969 619.25000 623.87891 628.65234 633.58984 638.65234 644.87891 651.26562 657.80469 664.46484 671.24609 678.12500 685.08594 692.14844 699.26953 706.46875 713.69531 2.1729763
30.6000 -46568.043 0.0000000 0.0000000 0.0000000 0.0000000 0.0000000 0.0000000 0.0000000 0.0000000 0.0000000 29.644531 59.839844 90.332031 121.25000 152.43750 184.07422 216.16797 248.55078 281.27734 314.46094 347.99219 381.88281 416.09766 450.72656 485.78125 521.17969 556.92578 593.05469 629.57031 666.46875 653.91016 644.14844 636.66797 631.10547 627.14453 624.57422 623.17188 622.76953 623.25000 624.50000 626.41016 628.91016 631.92578 635.41016 639.28906 643.53516 647.31250 651.29297 654.61328 658.04297 662.47266 667.04297 671.73828 676.55859 682.49219 688.56641 694.76953 701.07422 707.48828 713.99219 720.58203 727.23828 733.96484 740.73828 747.55078 2.1697555
30.8000 -46797.805 0.0000000 0.0000000 0.0000000 0.0000000 0.0000000 0.0000000 0.0000000 0.0000000 0.0000000 25.261719 50.972656 77.062500 103.53516 130.37109 157.75391 185.32031 213.47656 241.99219 270.87891 300.12500 329.91797 359.95703 390.45703 421.16016 452.51172 484.10938 516.27734 548.58984 581.52734 566.68750 555.10156 546.15625 539.40625 534.49609 531.13672 529.08984 528.18359 528.26953 529.21094 530.87500 533.21484 536.13672 539.55469 543.43359 547.72656 551.57812 555.64844 559.05469 562.58594 567.15625 571.88672 576.78516 581.80859 587.98828 594.34375 600.83984 607.45312 614.20312 621.05078 627.98828 635.00000 642.09766 649.26172 656.46484 2.1565473
31.0000 -46488.555 0.0000000 0.0000000 0.0000000 0.0000000 0.0000000 0.0000000 0.0000000 0.0000000 0.0000000 25.843750 52.261719 79.199219 106.76172 134.83203 163.48438 192.61328 222.25391 252.52344 283.32812 314.66406 346.57422 379.05469 412.07812 445.65234 479.67188 514.42188 549.57422 585.39453 621.64844 615.20312 610.50391 607.30078 605.37109 604.54688 604.67578 605.64062 607.34375 609.69531 612.60938 616.03516 619.89453 624.15234 628.76172 633.68750 638.89453 643.42578 648.12109 651.98047 655.93359 660.96875 666.12500 671.38672 676.75000 683.28906 689.95312 696.70703 703.55469 710.49609 717.50000 724.56250 731.67188 738.85156 746.07422 753.31641 2.1708426
31.2000 -46980.477 0.0000000 0.0000000 0.0000000 0.0000000 0.0000000 0.0000000 0.0000000 0.0000000 0.0000000 29.378906 59.378906 89.671875 120.42188 151.62500 183.23047 215.47656 247.96484 280.99219 314.48047 348.29688 382.64844 417.43359 452.69922 488.25000 524.35938 560.94141 597.96094 635.35156 673.23828 666.74609 661.86719 658.40234 656.17578 655.00000 654.77344 655.40234 656.74219 658.73828 661.31250 664.39844 667.95312 671.92578 676.24219 680.92188 685.87500 690.21094 694.73047 698.45312 702.25000 707.15625 712.15625 717.28125 722.52344 728.91406 735.44922 742.07031 748.81250 755.63672 762.55078 769.53125 776.57031 783.67578 790.82031 798.00781 2.1448958
31.4000 -46534.352 0.0000000 0.0000000 0.0000000 0.0000000 0.0000000 0.0000000 0.0000000 0.0000000 0.0000000 25.304688 51.050781 77.402344 104.18750 131.41797 159.23047 187.44141 216.21484 245.50000 275.31250 305.64453 336.39062 367.66016 399.44531 431.73828 464.41016 497.87500 531.64062 565.85938 600.65625 590.57422 582.78516 576.91016 572.69141 569.87500 568.26953 567.71094 568.07422 569.23438 571.09375 573.58594 576.62109 580.14453 584.09766 588.44141 593.11719 597.25781 601.58984 605.18359 608.88672 613.64844 618.55469 623.58203 628.72656 635.05078 641.50391 648.08203 654.76953 661.55078 668.42578 675.39062 682.41797 689.50391 696.66016 703.83984 2.1587057
31.6000 -46650.832 0.0000000 0.0000000 0.0000000 0.0000000 0.0000000 0.0000000 0.0000000 0.0000000 0.0000000 28.652344 57.976562 87.347656 117.16797 147.38281 177.95312 208.73828 239.98047 271.57422 303.43750 335.67188 368.28125 401.17578 434.50781 468.14453 502.08594 536.40234 571.07812 606.11719 641.47656 628.21875 617.88672 609.93750 603.98828 599.69141 596.80469 595.10156 594.44531 594.66797 595.67969 597.35938 599.66016 602.47266 605.74609 609.44531 613.49219 617.12891 620.96875 624.18359 627.49609 631.79297 636.23828 640.81641 645.51562 651.29688 657.23438 663.30469 669.48438 675.77734 682.16016 688.62109 695.16016 701.77344 708.44531 715.14844 2.1518598
31.8000 -47223.746 0.0000000 0.0000000 0.0000000 0.0000000 0.0000000 0.0000000 0.0000000 0.0000000 0.0000000 25.882812 52.230469 79.179688 106.46875 134.30859 162.62500 191.30859 220.63672 250.30078 280.50391 311.09766 342.14062 373.74219 405.83203 438.40625 471.42578 504.87109 538.81250 573.28906 608.14062 599.16406 592.23438 587.03906 583.33203 580.91797 579.60156 579.25391 579.75000 580.98047 582.86328 585.33203 588.30859 591.74219 595.57422 599.76953 604.27734 608.26172 612.42578 615.87500 619.41797 623.97656 628.67969 633.48828 638.41797 644.46094 650.64062 656.91016 663.30859 669.79297 676.35547 683.00391 689.71484 696.48047 703.30859 710.16016 2.1400983
32.0000 -46560.664 0.0000000 0.0000000 0.0000000 0.0000000 0.0000000 0.0000000 0.0000000 0.0000000 0.0000000 28.300781 56.914062 86.312500 115.94922 146.11328 176.85547 208.03516 239.74219 271.82422 304.38281 337.62109 371.08984 405.26172 439.72656 474.76172 510.26172 546.25391 582.68359 619.69922 657.10938 646.97656 639.19922 633.40234 629.25781 626.51172 624.96484 624.47266 624.88281 626.07812 627.97266 630.48047 633.53516 637.06641 641.01953 645.35938 650.04297 654.17188 658.49609 662.08984 665.77734 670.52344 675.41406 680.42969 685.56641 691.86328 698.32031 704.87891 711.55078 718.32812 725.19531 732.14062 739.17188 746.25000 753.39062 760.56250 2.1589873
32.2000 -46703.301 0.0000000 0.0000000 0.0000000 0.0000000 0.0000000 0.0000000 0.0000000 0.0000000 0.0000000 27.539062 55.574219 84.093750 113.25000 142.95312 173.14844 203.90625 235.17578 267.01172 299.42578 332.35938 365.87109 399.82812 434.29297 469.37500 505.01172 541.24219 577.92188 615.05859 652.88281 644.73438 638.46484 633.80078 630.52344 628.43359 627.39062 627.25000 627.89844 629.25391 631.21875 633.73438 636.71875 640.14062 643.93359 648.07422 652.52344 656.42969 660.50781 663.88672 667.36328 671.82031 676.40234 681.08984 685.89062 691.76562 697.77734 703.88281 710.08984 716.38672 722.77344 729.21094 735.71875 742.26953 748.89062 755.52734 2.1810162
32.4000 -46702.430 0.0000000 0.0000000 0.0000000 0.0000000 0.0000000 0.0000000 0.0000000 0.0000000 0.0000000 25.066406 50.539062 76.507812 103.01172 129.84375 157.12891 185.09375 213.23438 241.96484 271.19141 300.80078 330.98047 361.52734 392.50000 423.93359 455.89453 488.30859 521.09766 554.51172 588.22266 580.07422 573.78906 569.12500 565.83203 563.76172 562.76953 562.68359 563.43359 564.91406 567.02344 569.70703 572.91016 576.55469 580.60547 585.02344 589.76562 593.94531 598.30469 601.91016 605.62109 610.39062 615.30078 620.32812 625.46875 631.78125 638.21484 644.78125 651.44922 658.20312 665.06250 671.99219 678.98828 686.05469 693.17969 700.33203 2.1807580
32.6000 -47021.398 0.0000000 0.0000000 0.0000000 0.0000000 0.0000000 0.0000000 0.0000000 0.0000000 0.0000000 25.089844 50.753906 77.128906 104.01562 131.50000 159.57812 188.16406 217.40234 247.23828 277.60547 308.62500 340.19531 372.32422 405.05859 438.38672 472.28125 506.76172 541.68359 577.52734 613.69141 601.81641 592.51953 585.33984 579.96484 576.13672 573.63672 572.28125 571.91406 572.43750 573.71875 575.68359 578.25000 581.33984 584.90234 588.88281 593.25391 597.15234 601.25781 604.68750 608.23047 612.80859 617.54297 622.42969 627.42578 633.58984 639.91016 646.36328 652.94531 659.63281 666.43750 673.32031 680.28516 687.31250 694.41797 701.55469 2.1220155
32.8000 -46630.371 0.0000000 0.0000000 0.0000000 0.0000000 0.0000000 0.0000000 0.0000000 0.0000000 0.0000000 24.675781 49.820312 75.296875 101.06641 127.22656 153.85156 180.82812 208.09375 235.77734 263.81641 292.20312 320.92188 350.17188 379.66406 409.55078 439.89844 470.47266 501.67188 532.98438 564.75000 551.83984 541.63281 533.67578 527.63281 523.20703 520.19531 518.38281 517.61328 517.74609 518.68359 520.32422 522.58594 525.39453 528.68359 532.40625 536.53125 540.21484 544.12500 547.37891 550.76562 555.14453 559.68750 564.36719 569.16797 575.09375 581.17578 587.39062 593.73047 600.18750 606.73828 613.37500 620.08984 626.89062 633.73438 640.62891 2.1747899
33.0000 -46713.645 0.0000000 0.0000000 0.0000000 0.0000000 0.0000000 0.0000000 0.0000000 0.0000000 0.0000000 21.964844 44.160156 66.585938 89.273438 112.06250 135.20312 158.44531 182.01953 205.61328 229.54297 253.73047 277.99609 302.60938 327.32031 352.35547 377.64844 403.00781 428.49219 454.40234 480.49609 473.29688 467.94141 464.14062 461.68359 460.37500 460.05078 460.60938 461.92969 463.89844 466.46094 469.54297 473.07812 477.03516 481.33984 485.98438 490.90234 495.20703 499.68750 503.37109 507.13672 511.98047 516.93359 521.99609 527.16797 533.48047 539.91016 546.44531 553.08203 559.78906 566.58984 573.45703 580.38281 587.35547 594.38672 601.43359 2.1667922
33.2000 -46442.609 0.0000000 0.0000000 0.0000000 0.0000000 0.0000000 0.0000000 0.0000000 0.0000000 0.0000000 26.781250 54.152344 82.148438 110.76953 139.95312 169.70312 200.07031 231.08594 262.68750 294.88672 327.64453 361.10938 395.10938 429.58984 464.94922 500.71094 537.23828 574.16406 611.82812 650.05469 645.10547 641.58594 639.28516 638.04688 637.73828 638.24609 639.46875 641.31641 643.72266 646.60547 649.93750 653.65625 657.72266 662.08594 666.74609 671.63672 675.89453 680.28906 683.90234 687.58594 692.29297 697.09375 702.00000 706.98438 713.07422 719.25391 725.54297 731.89453 738.32422 744.83203 751.37891 757.98438 764.64453 771.32812 778.04688 2.1754847
33.4000 -46690.910 0.0000000 0.0000000 0.0000000 0.0000000 0.0000000 0.0000000 0.0000000 0.0000000 0.0000000 30.082031 60.750000 91.726562 123.38672 155.25000 187.57031 220.28125 253.42188 287.03125 321.00781 355.50391 390.37891 425.71875 461.33984 497.53125 534.03516 571.06641 608.40625 646.24609 684.51953 670.57812 659.57422 651.00781 644.49219 639.69531 636.37891 634.31641 633.36328 633.35938 634.18359 635.73438 637.92578 640.68359 643.95312 647.65234 651.75781 655.45312 659.35938 662.64062 666.03906 670.45312 675.01562 679.73047 684.58203 690.55078 696.68750 702.97266 709.37500 715.89062 722.52344 729.23828 736.03516 742.89453 749.84766 756.82422 2.1320133
33.6000 -46945.980 0.0000000 0.0000000 0.0000000 0.0000000 0.0000000 0.0000000 0.0000000 0.0000000 0.0000000 24.539062 49.738281 75.847656 102.63672 130.07031 158.31250 187.22266 216.67578 247.01953 278.13281 309.81250 342.27344 375.53906 409.40234 443.96484 479.35938 515.43750 552.17969 589.62891 627.83594 616.96875 608.72266 602.61719 598.30859 595.51562 594.00391 593.59766 594.13281 595.50781 597.59375 600.28906 603.55859 607.30469 611.46484 616.01953 620.90234 625.21094 629.71094 633.43359 637.24609 642.14844 647.19141 652.35156 657.63281 664.09766 670.69141 677.40234 684.22266 691.13672 698.13281 705.19531 712.33594 719.53516 726.77734 734.05078 2.1481278
33.8000 -46454.945 0.0000000 0.0000000 0.0000000 0.0000000 0.0000000 0.0000000 0.0000000 0.0000000 0.0000000 28.660156 57.871094 87.554688 117.57422 148.29688 179.45703 211.12891 243.25000 275.82031 308.94531 342.57812 376.74609 411.35156 446.50391 482.12109 518.22656 554.82422 592.07031 629.60938 667.77734 659.23438 652.68359 647.84375 644.46094 642.32812 641.25000 641.12891 641.82031 643.21094 645.24219 647.82031 650.89062 654.38672 658.28516 662.50000 667.03125 671.02734 675.19531 678.63672 682.17578 686.71484 691.38281 696.16016 701.04688 707.03125 713.12891 719.34766 725.65234 732.05469 738.51953 745.08203 751.67969 758.34766 765.06250 771.80469 2.2105753
34.0000 -46501.965 0.0000000 0.0000000 0.0000000 0.0000000 0.0000000 0.0000000 0.0000000 0.0000000 0.0000000 26.664062 53.488281 80.500000 107.75000 135.28125 162.89453 190.89844 218.92578 247.36719 275.82422 304.56641 333.54688 362.65234 392.00781 421.58594 451.28906 481.28125 511.58984 541.87109 572.52734 560.77344 551.59375 544.56250 539.33594 535.63672 533.26172 532.01562 531.76953 532.37500 533.73828 535.77344 538.38672 541.51172 545.11719 549.12500 553.50391 557.40625 561.51562 564.92969 568.47656 573.04297 577.76562 582.61328 587.59766 593.72266 600.00391 606.39844 612.94141 619.57031 626.30859 633.12891 640.01562 646.98047 654.01172 661.08203 2.1632488
34.2000 -46730.066 0.0000000 0.0000000 0.0000000 0.0000000 0.0000000 0.0000000 0.0000000 0.0000000 0.0000000 27.324219 55.261719 83.738281 112.64453 142.08984 172.14844 202.75000 233.69531 265.46484 297.62500 330.25781 363.52344 397.25781 431.64062 466.39844 501.68359 537.59375 574.19531 611.04688 648.57031 639.35938 632.24609 626.91797 623.09375 620.59375 619.20312 618.80078 619.23438 620.44141 622.30078 624.74609 627.70703 631.13672 634.97656 639.17969 643.69922 647.69922 651.88281 655.35938 658.93359 663.51953 668.25000 673.09766 678.05859 684.16016 690.37109 696.71875 703.16406 709.71875 716.35156 723.05469 729.82422 736.67578 743.56250 750.49219 2.1472352
34.4000 -47163.594 0.0000000 0.0000000 0.0000000 0.0000000 0.0000000 0.0000000 0.0000000 0.0000000 0.0000000 23.730469 48.265625 73.339844 99.031250 125.34766 152.34375 179.87891 208.05469 236.92578 266.35547 296.44531 327.18359 358.48438 390.51562 423.05078 456.25781 490.15625 524.72656 559.79297 595.47656 584.98047 576.78906 570.53906 565.94531 562.76562 560.81250 559.91016 559.93359 560.75781 562.28516 564.44531 567.14062 570.32422 573.94531 577.94141 582.28906 586.13672 590.18750 593.54688 597.02734 601.50391 606.11328 610.85156 615.71094 621.67578 627.77344 633.99609 640.33984 646.77344 653.29297 659.90234 666.57031 673.30078 680.10547 686.92578 2.1607995
34.6000 -46736.469 0.0000000 0.0000000 0.0000000 0.0000000 0.0000000 0.0000000 0.0000000 0.0000000 0.0000000 28.062500 56.550781 85.519531 114.93359 144.76953 175.16406 205.95703 237.22266 269.00391 301.23828 333.79688 367.09375 400.60938 434.70312 469.19922 504.30859 539.69141 575.61719 612.07812 648.98828 643.14062 638.84375 635.91016 634.14062 633.39453 633.53906 634.48047 636.10938 638.35547 641.14062 644.41406 648.12891 652.22266 656.66406 661.41016 666.43750 670.81641 675.34766 679.08594 682.89844 687.78516 692.78906 697.89453 703.09375 709.45703 715.93750 722.50781 729.18750 735.93359 742.77344 749.66406 756.61328 763.61328 770.67188 777.75000 2.1344991
34.8000 -46605.375 0.0000000 0.0000000 0.0000000 0.0000000 0.0000000 0.0000000 0.0000000 0.0000000 0.0000000 27.386719 55.183594 83.050781 111.19531 139.71875 168.52344 197.58594 226.90625 256.53906 286.42578 316.63281 347.11328 377.81641 408.94141 440.25000 471.74219 503.69141 535.96875 568.33594 601.06250 592.34766 585.56641 580.43750 576.75000 574.32031 572.97656 572.60156 573.05859 574.26172 576.13672 578.57422 581.54688 584.98438 588.83984 593.05469 597.62109 601.63672 605.85547 609.34766 612.94922 617.57422 622.33984 627.24609 632.26172 638.41016 644.69531 651.11328 657.64453 664.25781 670.97266 677.77344 684.63672 691.56250 698.55078 705.56641 2.1597455
35.0000 -46606.023 0.0000000 0.0000000 0.0000000 0.0000000 0.0000000 0.0000000 0.0000000 0.0000000 0.0000000 25.855469 51.949219 78.523438 105.64844 133.12891 161.03125 189.21484 218.00781 246.95312 276.43750 306.38672 336.76953 367.42969 398.60938 430.17578 462.10938 494.54688 527.32812 560.51172 594.21094 582.33203 573.01562 565.82812 560.44922 556.59766 554.05469 552.66406 552.24219 552.69531 553.89844 555.77344 558.23828 561.23047 564.67188 568.55078 572.77344 576.55859 580.55469 583.89062 587.33203 591.79297 596.40625 601.15625 606.02344 612.03125 618.18359 624.47656 630.88281 637.39844 644.02344 650.72656 657.51172 664.36328 671.27734 678.23828 2.1693397
35.2000 -46695.125 0.0000000 0.0000000 0.0000000 0.0000000 0.0000000 0.0000000 0.0000000 0.0000000 0.0000000 25.250000 50.902344 77.082031 103.57031 130.42969 157.82031 185.68750 213.94922 242.51562 271.56641 301.03516 330.96094 361.35547 391.97266 423.15625 454.78125 486.76172 519.09766 552.01562 585.22656 573.36328 564.07031 556.95312 551.67578 547.96094 545.58203 544.37891 544.17578 544.85156 546.30859 548.42969 551.16016 554.39844 558.12109 562.24609 566.74219 570.73828 574.94141 578.46094 582.08203 586.75000 591.56641 596.51953 601.58984 607.83594 614.23047 620.75391 627.39453 634.14062 640.97266 647.90625 654.90625 661.98047 669.09766 676.26953 2.1805637
35.4000 -46795.781 0.0000000 0.0000000 0.0000000 0.0000000 0.0000000 0.0000000 0.0000000 0.0000000 0.0000000 24.234375 48.621094 73.671875 99.125000 125.08984 151.41016 178.21094 205.50781 233.25391 261.23047 289.77734 318.91016 348.33203 378.20312 408.61328 439.33594 470.57031 502.23828 534.32422 566.83984 556.60938 548.75391 542.84766 538.60156 535.73828 534.07031 533.43359 533.67578 534.69141 536.37891 538.64844 541.44922 544.71094 548.37500 552.40234 556.75391 560.59375 564.62109 567.96094 571.40625 575.82422 580.37891 585.05469 589.82422 595.69531 601.69531 607.79688 614.01172 620.31250 626.71094 633.15625 639.68359 646.26172 652.89844 659.56250 2.1837635
35.6000 -46467.645 0.0000000 0.0000000 0.0000000 0.0000000 0.0000000 0.0000000 0.0000000 0.0000000 0.0000000 29.675781 59.824219 90.535156 121.85156 153.71484 186.09375 219.13672 252.59766 286.61328 321.25000 356.46484 392.16797 428.44922 465.34766 502.75391 540.69141 579.21094 618.29688 657.91016 698.09766 686.36328 677.13281 670.01172 664.69141 660.90234 658.44922 657.14844 656.85547 657.43359 658.79688 660.82422 663.46875 666.65234 670.30469 674.37109 678.81641 682.78906 686.95312 690.44531 694.05078 698.68750 703.49609 708.43750 713.51172 719.74219 726.12891 732.65625 739.30469 746.05859 752.91016 759.86328 766.87109 773.96875 781.11719 788.30859 2.1796329
35.8000 -46458.941 0.0000000 0.0000000 0.0000000 0.0000000 0.0000000 0.0000000 0.0000000 0.0000000 0.0000000 20.128906 40.750000 61.675781 82.945312 104.70312 126.74219 149.21484 172.00781 195.24219 218.80859 242.64062 266.85938 291.51172 316.51172 341.83594 367.55859 393.72266 420.12109 447.03516 474.12109 468.78125 464.95703 462.45312 461.08594 460.69531 461.19531 462.44141 464.35938 466.86328 469.91016 473.42578 477.34766 481.64844 486.28125 491.20312 496.41406 500.92188 505.58594 509.41797 513.32422 518.33594 523.44531 528.64844 533.96094 540.42188 547.01172 553.69531 560.46484 567.31250 574.22656 581.20703 588.24219 595.32422 602.45312 609.60156 2.1917622
36.0000 -46624.152 0.0000000 0.0000000 0.0000000 0.0000000 0.0000000 0.0000000 0.0000000 0.0000000 0.0000000 28.296875 56.988281 86.265625 115.78125 146.02734 176.44922 207.30859 238.61719 270.35156 302.49609 335.14062 368.05078 401.46875 435.27344 469.53906 504.17188 539.25391 574.75391 610.54688 646.90234 632.72266 621.83984 613.57422 607.48438 603.16016 600.34375 598.78516 598.30859 598.77344 600.04688 602.01562 604.59375 607.72656 611.32031 615.34766 619.73828 623.66406 627.79297 631.23438 634.78906 639.38281 644.12891 648.99219 654.00000 660.14844 666.44531 672.87891 679.41797 686.07422 692.82031 699.64062 706.54297 713.51953 720.53906 727.60938 2.1508515
36.2000 -46501.578 0.0000000 0.0000000 0.0000000 0.0000000 0.0000000 0.0000000 0.0000000 0.0000000 0.0000000 26.531250 53.878906 81.597656 109.87500 138.91406 168.48438 198.54688 229.24609 260.54688 292.38281 324.83984 357.96875 391.40625 425.79297 460.52344 495.90625 531.77344 568.41797 605.43750 643.22266 635.83984 630.28125 626.30469 623.66016 622.17969 621.69922 622.08594 623.23828 625.07422 627.48828 630.42578 633.82812 637.64844 641.83984 646.35156 651.15234 655.35547 659.73047 663.33984 667.03906 671.77734 676.63672 681.61328 686.67969 692.89453 699.21094 705.64453 712.16406 718.78125 725.47266 732.23047 739.05078 745.92969 752.85156 759.80078 2.1968937
36.4000 -46430.070 0.0000000 0.0000000 0.0000000 0.0000000 0.0000000 0.0000000 0.0000000 0.0000000 0.0000000 28.304688 57.343750 86.769531 116.69141 147.16406 178.23828 209.78125 241.89062 274.59375 307.78906 341.44141 375.75000 410.60156 445.90625 481.80469 518.14453 555.13672 592.63281 630.56250 669.12891 657.97656 649.26172 642.58594 637.64453 634.17188 631.97656 630.87891 630.73438 631.43750 632.87500 634.95312 637.62109 640.78516 644.40625 648.44141 652.83594 656.73828 660.84766 664.26953 667.80859 672.38281 677.09375 681.94922 686.92188 693.03906 699.30859 705.71094 712.23828 718.87109 725.59766 732.41016 739.30469 746.26953 753.28516 760.34375 2.1830821
36.6000 -47118.520 0.0000000 0.0000000 0.0000000 0.0000000 0.0000000 0.0000000 0.0000000 0.0000000 0.0000000 26.621094 53.476562 80.664062 107.83984 135.30469 162.92969 190.80469 218.87891 247.12500 275.65234 304.33594 333.06250 362.23438 391.51172 420.93359 450.62891 480.43750 510.48828 540.78125 571.22266 562.25391 555.34766 550.17578 546.50391 544.10156 542.79297 542.44531 542.93359 544.14062 546.00000 548.41406 551.33594 554.68359 558.44531 562.53516 566.96094 570.85156 574.92188 578.30078 581.76562 586.23047 590.81641 595.51562 600.32031 606.21875 612.23438 618.37109 624.60938 630.92969 637.33203 643.80078 650.34375 656.95312 663.58594 670.26953 2.1583424
36.8000 -46733.777 0.0000000 0.0000000 0.0000000 0.0000000 0.0000000 0.0000000 0.0000000 0.0000000 0.0000000 25.550781 51.617188 78.246094 105.32031 133.03516 161.16016 189.78906 218.95312 248.66797 279.07812 309.79297 341.19141 372.96875 405.39062 438.33203 471.68750 505.69531 540.20703 575.13672 610.75000 601.75000 595.00391 590.12500 586.80078 584.78516 583.88281 583.94531 584.82031 586.42578 588.63281 591.41016 594.65234 598.32422 602.38281 606.75781 611.43359 615.53516 619.78516 623.31641 626.92188 631.54688 636.30078 641.14844 646.09766 652.17188 658.35156 664.63281 671.01172 677.46875 684.00000 690.58984 697.25000 703.95703 710.71094 717.48828 2.1823595
37.0000 -46503.934 0.0000000 -0.0039062500 -0.0039062500 0.0000000 0.0000000 -0.0039062500 0.0000000 0.0000000 -0.0039062500 27.082031 54.902344 83.519531 112.79688 142.87500 173.77344 205.39453 237.56250 270.71094 304.61328 339.21484 374.70703 410.78906 447.67578 485.32422 523.75000 562.94141 602.89453 643.64062 685.05469 679.63281 675.70703 673.04688 671.50391 670.92578 671.20312 672.21875 673.89062 676.14453 678.91406 682.14062 685.78125 689.77344 694.10156 698.72656 703.60156 707.84766 712.23047 715.85547 719.54688 724.27734 729.11328 734.04297 739.07031 745.21484 751.45312 757.78516 764.22266 770.73438 777.31641 783.95312 790.65234 797.40234 804.18750 811.00000 2.1839936
37.2000 -46592.125 0.0000000 0.0000000 0.0000000 0.0000000 0.0000000 0.0000000 0.0000000 0.0000000 0.0000000 27.335938 55.078125 83.269531 111.83984 140.89844 170.39844 200.35156 230.70312 261.43750 292.63281 324.25781 356.35156 388.88281 421.83594 455.17188 488.94531 523.14453 557.81641 593.01953 628.43359 620.34375 614.21875 609.76172 606.70703 604.85547 604.05078 604.13281 604.99609 606.54297 608.67578 611.34375 614.48047 618.02344 621.94922 626.18359 630.71094 634.67578 638.82422 642.24609 645.74609 650.23828 654.86328 659.59375 664.41797 670.32812 676.34766 682.47656 688.71484 695.01172 701.39062 707.84375 714.35938 720.91797 727.53516 734.16797 2.1281338
37.4000 -46562.082 0.0000000 0.0000000 0.0000000 0.0000000 0.0000000 0.0000000 0.0000000 0.0000000 0.0000000 29.019531 58.542969 88.507812 118.82812 149.73438 181.05469 212.83594 245.03516 277.66016 310.67188 344.30859 378.36328 412.83203 447.67188 483.08594 518.96484 555.21875 591.89844 629.14453 666.70703 655.91016 647.47656 641.01562 636.19531 632.82422 630.66016 629.55469 629.35547 629.97266 631.28125 633.19531 635.65625 638.60156 641.96875 645.71875 649.81250 653.44141 657.26172 660.44141 663.73438 667.96875 672.35156 676.85938 681.46875 687.14844 692.96094 698.89062 704.93359 711.07031 717.28516 723.58984 729.95312 736.39062 742.87500 749.39062 2.1829014
37.6000 -46481.105 0.0000000 0.0000000 0.0000000 0.0000000 0.0000000 0.0000000 0.0000000 0.0000000 0.0000000 28.039062 56.250000 84.691406 113.45312 142.23438 171.37891 200.67578 230.20703 259.97266 289.89062 319.90625 350.31250 380.84766 411.67969 442.63672 473.91016 505.23438 536.82812 568.73047 600.71484 590.42188 582.42969 576.36719 571.92969 568.91406 567.09375 566.30859 566.44531 567.39062 569.02344 571.29297 574.08594 577.37109 581.09375 585.19531 589.64062 593.57422 597.70312 601.14844 604.69141 609.25000 613.94922 618.77734 623.72266 629.80469 636.01953 642.35156 648.81250 655.37109 662.01172 668.74609 675.54688 682.41016 689.32812 696.28516 2.1943891
37.8000 -46863.836 0.0000000 0.0000000 0.0000000 0.0000000 0.0000000 0.0000000 0.0000000 0.0000000 0.0000000 25.820312 52.109375 78.843750 106.06250 133.58594 161.65625 189.97656 219.11328 248.42188 278.21875 308.49219 339.25391 370.38672 401.96484 434.10938 466.64453 499.65234 532.96094 566.89062 601.13672 593.71484 588.23047 584.37500 581.88672 580.57422 580.25781 580.81641 582.12109 584.10547 586.64453 589.69531 593.17969 597.08203 601.32812 605.88281 610.70312 614.92969 619.30078 622.89844 626.58594 631.30078 636.13672 641.06641 646.08984 652.22656 658.48047 664.83203 671.27734 677.78906 684.37109 691.02344 697.72656 704.48047 711.28906 718.10156 2.1621420
38.0000 -46643.055 0.0000000 0.0000000 0.0000000 0.0000000 0.0000000 0.0000000 0.0000000 0.0000000 0.0000000 25.914062 52.664062 79.710938 107.33203 135.70312 164.53516 193.94141 223.94531 254.41016 285.54297 317.17188 349.44922 382.22266 415.59375 449.53125 484.02344 519.05859 554.70312 590.93750 627.65234 615.84766 606.43750 599.06641 593.42578 589.28906 586.46094 584.75000 584.02344 584.15625 585.05078 586.62109 588.78125 591.46875 594.62500 598.20312 602.15625 605.70312 609.46875 612.61719 615.89453 620.11328 624.50000 629.01562 633.67578 639.41406 645.32031 651.33984 657.50000 663.77344 670.14453 676.60156 683.13672 689.75391 696.42969 703.14844 2.1808493
38.2000 -46146.691 0.0000000 0.0000000 0.0000000 0.0000000 0.0000000 0.0000000 0.0000000 0.0000000 0.0000000 29.343750 59.351562 89.984375 121.27734 153.12891 185.65234 218.75391 252.55078 286.89062 322.01562 357.68750 393.98438 430.87500 468.46484 506.70312 545.50391 584.92969 625.05859 665.79688 707.14062 694.80469 685.04688 677.47266 671.71094 667.50781 664.65234 662.95312 662.24609 662.42578 663.37109 664.98828 667.19922 669.94531 673.14453 676.77344 680.77734 684.35938 688.14844 691.32031 694.60547 698.85547 703.26172 707.80859 712.46484 718.23438 724.14453 730.17188 736.32812 742.59766 748.94922 755.40625 761.94141 768.53516 775.19141 781.89062 2.2022653
38.4000 -46736.566 0.0000000 0.0000000 0.0000000 0.0000000 0.0000000 0.0000000 0.0000000 0.0000000 0.0000000 25.695312 51.910156 78.863281 106.30469 134.45312 163.23438 192.54297 222.47266 253.13672 284.18750 316.17969 348.52344 381.40234 415.02344 449.33594 484.19531 519.61719 555.65234 592.31250 629.61328 618.78906 610.43359 604.12500 599.52734 596.39453 594.51953 593.72266 593.86328 594.81250 596.47656 598.76953 601.61328 604.96875 608.74219 612.91016 617.42188 621.42188 625.61328 629.09766 632.68359 637.31250 642.07422 646.97266 651.99219 658.15234 664.43359 670.85156 677.39062 684.03125 690.75391 697.55859 704.43359 711.38281 718.37500 725.41406 2.1563282
38.6000 -46365.336 0.0000000 0.0000000 0.0000000 0.0000000 0.0000000 0.0000000 0.0000000 0.0000000 0.0000000 23.132812 46.808594 70.734375 94.992188 119.64062 144.60156 169.82031 195.40234 221.26172 247.54297 274.07031 301.01172 328.21094 355.83203 383.63672 411.91016 440.44922 469.41016 498.54297 528.12109 519.72266 513.26562 508.46484 505.10156 502.97656 501.94531 501.86328 502.61328 504.10156 506.23438 508.96094 512.19141 515.87891 519.98438 524.44922 529.23828 533.45703 537.86719 541.51562 545.25781 550.08203 555.03906 560.11719 565.32031 571.68359 578.18359 584.81250 591.54688 598.36719 605.28516 612.28125 619.35547 626.48047 633.66406 640.88281 2.1927333
38.8000 -46670.871 0.0000000 0.0000000 0.0000000 0.0000000 0.0000000 0.0000000 0.0000000 0.0000000 0.0000000 27.183594 54.632812 82.660156 111.00391 139.63672 168.76953 198.31641 228.20703 258.57031 289.23047 320.37109 351.87891 383.81641 416.16016 449.02344 482.16016 515.69531 549.63672 584.10156 618.82812 608.24609 600.03906 593.83594 589.30469 586.22266 584.37109 583.59375 583.74609 584.67969 586.35547 588.64844 591.48828 594.82422 598.58594 602.73828 607.24219 611.22656 615.40234 618.87891 622.46484 627.07422 631.81641 636.69922 641.69141 647.82422 654.10547 660.50781 667.00781 673.62109 680.32422 687.10938 693.96094 700.88281 707.85547 714.86719 2.1734159
39.0000 -46910.312 0.0000000 0.0000000 0.0000000 0.0000000 0.0000000 0.0000000 0.0000000 0.0000000 0.0000000 29.546875 59.863281 90.617188 122.02344 153.85156 186.32422 219.32812 252.99219 287.13672 321.78906 357.08984 392.92578 429.37109 466.40234 503.89844 542.03906 580.70312 619.97656 659.69141 700.09766 688.66406 679.60938 672.57422 667.30469 663.53125 661.06641 659.73438 659.41797 659.94922 661.26953 663.26172 665.85547 669.00391 672.62109 676.66016 681.08203 685.02734 689.18359 692.66797 696.25391 700.89844 705.69531 710.62891 715.70312 721.95703 728.35547 734.88672 741.54688 748.33203 755.20703 762.16016 769.21875 776.33594 783.52734 790.74609 2.1444099
39.2000 -46774.312 0.0000000 0.0000000 0.0000000 0.0000000 0.0000000 0.0000000 0.0000000 0.0000000 0.0000000 27.542969 55.722656 84.613281 114.12109 144.44922 175.36328 207.01562 239.37891 272.56250 306.17578 340.60938 375.75781 411.53516 447.98047 485.37500 523.15625 561.84766 601.10547 641.15234 681.84375 676.37109 672.33203 669.53125 667.78906 666.99609 667.03906 667.80469 669.21875 671.19922 673.67578 676.61328 679.95703 683.66016 687.69141 691.99609 696.58203 700.55859 704.69922 708.11719 711.60156 716.07422 720.65234 725.32812 730.09766 735.92969 741.87500 747.91016 754.03906 760.23828 766.50391 772.84375 779.24219 785.67969 792.17578 798.68750 2.1959529
39.4000 -46612.699 0.0000000 0.0000000 0.0000000 0.0000000 0.0000000 0.0000000 0.0000000 0.0000000 0.0000000 26.070312 52.726562 79.902344 107.64453 136.05859 164.85938 194.29688 224.35156 254.83594 285.91797 317.61719 349.91016 382.65625 416.08984 449.97266 484.53125 519.43359 555.06641 591.15234 627.93359 622.46484 618.53906 615.92969 614.45703 613.96094 614.32031 615.42188 617.18359 619.52734 622.37500 625.66406 629.37109 633.43750 637.80859 642.46484 647.38281 651.64844 656.06250 659.69141 663.39844 668.12891 672.96875 677.89062 682.91406 689.04297 695.26953 701.59766 708.00000 714.48047 721.01953 727.62109 734.28516 740.98828 747.73438 754.49609 2.1624103
39.6000 -46540.031 0.0000000 0.0000000 0.0000000 0.0000000 0.0000000 0.0000000 0.0000000 0.0000000 0.0000000 22.582031 45.593750 69.113281 92.996094 117.36328 142.15234 167.35156 192.99219 219.01953 245.58984 272.50781 299.92969 327.76172 356.03125 384.71094 413.80859 443.23828 473.33984 503.69531 534.57031 525.51562 518.66016 513.62500 510.10938 507.88672 506.77344 506.60547 507.27734 508.66016 510.69141 513.27344 516.35156 519.86719 523.76953 528.01562 532.58984 536.60547 540.79297 544.25781 547.83203 552.41797 557.12891 561.94531 566.88281 572.92578 579.09766 585.39453 591.77734 598.25781 604.82812 611.46094 618.16797 624.93750 631.74609 638.58984 2.1766417
39.8000 -46604.746 0.0000000 0.0000000 0.0000000 0.0000000 0.0000000 0.0000000 0.0000000 0.0000000 0.0000000 27.238281 55.027344 83.269531 111.82031 140.91406 170.41406 200.38281 230.88281 261.84766 293.19531 324.95703 357.25391 390.08203 423.18750 456.83984 490.88672 525.48047 560.53906 596.06641 631.96875 621.80078 613.87109 607.84375 603.41797 600.38281 598.51562 597.69141 597.75781 598.62109 600.17188 602.33203 605.04297 608.23047 611.85547 615.84766 620.19141 624.04297 628.08594 631.44922 634.91797 639.39062 644.00000 648.73438 653.60156 659.57031 665.67578 671.91016 678.26172 684.71484 691.25391 697.87109 704.55859 711.32422 718.12891 724.98828 2.2080104
40.0000 -46973.496 0.0000000 0.0000000 0.0000000 0.0000000 0.0000000 0.0000000 0.0000000 0.0000000 0.0000000 25.187500 50.808594 76.953125 103.44141 130.50781 158.18750 186.23047 214.62891 243.68750 273.12109 303.14844 333.57812 364.37500 395.90234 427.78516 460.10938 493.08594 526.32422 560.20703 594.44141 586.33984 580.08203 575.41797 572.13281 570.05078 569.04297 568.97266 569.72656 571.20703 573.33984 576.06641 579.29688 582.99219 587.09375 591.58203 596.38672 600.62500 605.05469 608.73047 612.50391 617.35938 622.34766 627.47266 632.71094 639.13672 645.69922 652.38672 659.19141 666.08594 673.08594 680.15234 687.31641 694.52344 701.79297 709.10547 2.1493802
40.2000 -46995.457 0.0000000 0.0000000 0.0000000 0.0000000 0.0000000 0.0000000 0.0000000 0.0000000 0.0000000 27.808594 55.863281 84.214844 113.05469 142.19531 171.61328 201.33594 231.39062 261.80859 292.58984 323.78516 355.16797 386.97656 419.00391 451.42969 484.09766 517.28125 550.69141 584.42578 618.44141 606.39453 596.92969 589.63281 584.16016 580.25391 577.70312 576.30078 575.92969 576.43750 577.73828 579.71484 582.30469 585.43359 589.04297 593.09766 597.51172 601.46875 605.63672 609.10547 612.69922 617.34375 622.14844 627.09375 632.17188 638.42578 644.82812 651.38672 658.05469 664.84766 671.73438 678.71094 685.76953 692.91406 700.11328 707.35156 2.1371648
40.4000 -46937.309 0.0000000 0.0000000 0.0000000 0.0000000 0.0000000 0.0000000 0.0000000 0.0000000 0.0000000 28.695312 57.957031 87.761719 118.17578 149.28516 180.80078 212.99219 245.64062 278.99219 312.93750 347.41016 382.57422 418.12500 454.44531 491.27734 528.59375 566.58594 605.07422 644.17969 683.92969 674.85156 667.79688 662.45703 658.62109 656.04688 654.57812 654.07422 654.42578 655.51172 657.24609 659.56641 662.40234 665.69141 669.37891 673.42969 677.80859 681.66406 685.71484 689.07812 692.53125 696.99609 701.57422 706.27734 711.09766 717.00781 723.05859 729.20703 735.48047 741.83594 748.28516 754.80859 761.39844 768.05078 774.75391 781.48828 2.1753056
40.6000 -47147.844 0.0000000 0.0000000 0.0000000 0.0000000 0.0000000 0.0000000 0.0000000 0.0000000 0.0000000 31.675781 64.019531 96.902344 130.36328 164.43750 199.19531 234.47266 270.42578 307.11719 344.40625 382.05859 420.53906 459.71875 499.44922 539.67969 580.53125 622.06641 664.26172 707.05078 750.38672 737.10156 726.66797 718.61328 712.56641 708.21875 705.32812 703.69922 703.14453 703.54688 704.77734 706.75000 709.35547 712.53516 716.21484 720.34375 724.86328 728.92578 733.20703 736.76953 740.47266 745.24609 750.18359 755.27344 760.49609 766.93359 773.51953 780.26172 787.13672 794.12109 801.21875 808.40625 815.67578 823.03125 830.43750 837.89453 2.1407495
40.8000 -46518.473 0.0000000 0.0000000 0.0000000 0.0000000 0.0000000 0.0000000 0.0000000 0.0000000 0.0000000 30.101562 60.488281 91.500000 122.82812 154.60547 186.93359 219.69141 252.85938 286.48047 320.63281 355.01172 390.05859 425.43750 461.31641 497.68359 534.44531 571.68359 609.38281 647.47656 686.07031 671.26172 659.52734 650.35547 643.30078 638.05469 634.32812 631.92188 630.64062 630.33594 630.88281 632.16797 634.10547 636.61719 639.63672 643.10547 646.96484 650.44922 654.15234 657.26562 660.49609 664.67969 669.04297 673.53516 678.16797 683.86719 689.72656 695.72266 701.83594 708.06250 714.39453 720.81250 727.29297 733.85938 740.49219 747.15234 2.1971600
41.0000 -46355.570 0.0000000 0.0000000 0.0000000 0.0000000 0.0000000 0.0000000 0.0000000 0.0000000 0.0000000 24.257812 49.183594 74.691406 100.86328 127.50781 154.70703 182.54688 210.96094 240.04297 269.60938 299.80859 330.52734 361.91406 393.80078 426.34766 459.38672 493.10156 527.26562 562.20703 597.60938 593.26172 590.25781 588.39844 587.55859 587.57422 588.37109 589.83594 591.89453 594.48828 597.53125 601.00000 604.85547 609.01562 613.48438 618.21094 623.17969 627.47656 631.91406 635.56250 639.26953 644.00781 648.83594 653.76953 658.76953 664.87891 671.07812 677.37109 683.73438 690.17969 696.68359 703.23828 709.84766 716.49609 723.18750 729.89453 2.1824985
41.2000 -46210.293 0.0000000 0.0000000 0.0000000 0.0000000 0.0000000 0.0000000 0.0000000 0.0000000 0.0000000 25.761719 52.082031 78.667969 105.82422 133.23438 161.14062 189.45703 218.09375 247.15625 276.74609 306.71484 336.97266 367.73828 398.86719 430.44141 462.37891 494.79688 527.64453 560.85938 594.46484 586.37891 580.25000 575.78906 572.75391 570.94531 570.20312 570.39453 571.38672 573.07031 575.39453 578.25391 581.60156 585.38281 589.54297 594.03516 598.82812 603.05078 607.41797 611.03125 614.74219 619.48438 624.35547 629.34375 634.42969 640.65234 647.00000 653.44922 659.99219 666.62500 673.33984 680.10547 686.94531 693.83203 700.77344 707.73047 2.2084575
41.4000 -46566.672 0.0000000 0.0000000 0.0000000 0.0000000 0.0000000 0.0000000 0.0000000 0.0000000 0.0000000 26.242188 52.960938 80.082031 107.67578 135.81250 164.52734 193.44922 223.11719 253.10938 283.60938 314.44531 345.94141 377.82812 410.15234 442.98047 476.26953 510.00781 544.28125 578.99609 614.14453 606.05078 599.76953 595.09766 591.77734 589.64453 588.52734 588.32031 588.89453 590.16406 592.05859 594.48047 597.39453 600.73438 604.45703 608.51562 612.89453 616.75000 620.77344 624.10547 627.53906 631.94141 636.49609 641.14062 645.89844 651.73828 657.71094 663.77734 669.95312 676.22266 682.56641 688.98828 695.46484 702.01172 708.60547 715.23438 2.1653256
41.6000 -46979.152 0.0000000 0.0000000 0.0000000 0.0000000 0.0000000 0.0000000 0.0000000 0.0000000 0.0000000 32.539062 65.785156 99.660156 134.29688 169.52344 205.53906 242.04297 279.32812 317.30469 355.82031 395.11328 434.96875 475.63672 516.94922 558.85156 601.47266 644.73047 688.71875 733.28906 778.57031 770.04297 763.62891 758.97266 755.79297 753.89453 753.05859 753.17578 754.09766 755.75391 758.03125 760.85156 764.17188 767.94141 772.09375 776.59375 781.40625 785.63281 790.02734 793.66406 797.39453 802.18359 807.10156 812.13672 817.28125 823.59375 830.01562 836.57031 843.21094 849.95703 856.77344 863.68359 870.65625 877.68359 884.75781 891.87500 2.1419599
41.8000 -46618.090 0.0000000 0.0000000 0.0000000 0.0000000 0.0000000 0.0000000 0.0000000 0.0000000 0.0000000 27.343750 55.242188 83.812500 112.98828 142.91406 173.54688 204.64844 236.50781 269.05078 302.10938 336.01562 370.39453 405.45703 441.26562 477.68750 514.66016 552.35938 590.72266 629.80469 669.40625 661.47656 655.47266 651.09375 648.10156 646.27734 645.47266 645.56250 646.41406 647.95312 650.08203 652.73047 655.84766 659.38281 663.27344 667.49219 672.00781 675.97266 680.09375 683.51562 687.01953 691.51172 696.11719 700.84766 705.66406 711.57812 717.59766 723.72656 729.95703 736.26562 742.65625 749.10547 755.62500 762.19531 768.81250 775.45703 2.1670799
42.0000 -46567.895 0.0000000 0.0000000 0.0000000 0.0000000 0.0000000 0.0000000 0.0000000 0.0000000 0.0000000 28.773438 58.296875 88.128906 118.73047 149.76953 181.43750 213.64844 246.41406 279.77344 313.64844 348.16797 383.14453 418.74219 454.91797 491.66406 528.95703 566.70703 605.21484 644.10547 683.67188 676.30859 670.79688 666.85547 664.25781 662.82422 662.39844 662.85938 664.08984 665.98047 668.48047 671.50000 674.98047 678.87891 683.13672 687.72266 692.59766 696.87109 701.30078 704.95312 708.69141 713.48828 718.39453 723.41016 728.52344 734.78125 741.14844 747.62500 754.19141 760.83984 767.55859 774.34766 781.19531 788.08984 795.04688 802.01172 2.1944115
42.2000 -46622.691 0.0000000 0.0000000 0.0000000 0.0000000 0.0000000 0.0000000 0.0000000 0.0000000 0.0000000 29.023438 58.558594 88.683594 119.13281 150.13281 181.76953 213.83203 246.37109 279.53125 313.22656 347.16016 381.77734 416.87109 452.49219 488.46094 525.09766 562.25000 599.95703 637.92578 676.60156 668.05469 661.52344 656.68750 653.33203 651.22656 650.22656 650.19922 651.01172 652.55469 654.75000 657.52734 660.83203 664.57812 668.73047 673.25781 678.10547 682.37109 686.81641 690.49219 694.26953 699.12891 704.11719 709.23438 714.46094 720.86328 727.40625 734.07031 740.83203 747.68359 754.62891 761.66016 768.74219 775.88672 783.10547 790.34375 2.1656260
42.4000 -46934.031 0.0000000 0.0000000 0.0000000 0.0000000 0.0000000 0.0000000 0.0000000 0.0000000 0.0000000 29.847656 60.230469 91.019531 122.17969 153.78516 185.83984 218.30859 251.08203 284.30078 318.01562 352.08203 386.64062 421.51953 456.94922 492.64844 528.88672 565.41016 602.44922 639.84375 677.69531 671.09375 666.15234 662.63672 660.37500 659.19531 658.95312 659.55469 660.88281 662.85938 665.40625 668.46094 671.97266 675.88672 680.15625 684.76172 689.64453 693.91797 698.35547 702.00781 705.76172 710.55469 715.47656 720.50781 725.63281 731.91016 738.29688 744.79688 751.39844 758.08594 764.84766 771.67578 778.55469 785.50391 792.49219 799.51172 2.1407032
42.6000 -46582.172 0.0000000 0.0000000 0.0000000 0.0000000 0.0000000 0.0000000 0.0000000 0.0000000 0.0000000 27.292969 54.839844 83.214844 111.80859 140.93750 170.52344 200.62109 231.20703 262.36328 293.84766 325.87891 358.42188 391.40234 424.86328 458.94922 493.34375 528.37109 563.75000 599.57422 635.93359 623.01172 612.83984 604.92578 598.90234 594.47266 591.39453 589.48047 588.57422 588.53125 589.23828 590.62109 592.57422 595.04297 597.94922 601.26953 604.94141 608.25781 611.76172 614.68750 617.72656 621.67578 625.75391 629.96875 634.30078 639.64453 645.12109 650.73047 656.44141 662.24609 668.16016 674.13672 680.18359 686.30469 692.48047 698.69141 2.1763008
42.8000 -46477.848 0.0000000 0.0000000 0.0000000 0.0000000 0.0000000 0.0000000 0.0000000 0.0000000 0.0000000 23.320312 47.070312 71.644531 96.703125 122.56250 148.98047 175.90625 203.68750 232.08984 261.01172 290.66797 320.91406 351.87109 383.53125 415.69531 448.53516 481.96484 516.05078 550.85547 586.28516 581.57422 578.24609 576.14453 575.07422 574.92969 575.57031 576.92188 578.89453 581.42188 584.42969 587.87891 591.70703 595.90625 600.38672 605.15234 610.16797 614.51953 619.01953 622.71094 626.47266 631.28516 636.19922 641.21094 646.29688 652.51562 658.83203 665.25391 671.74219 678.32031 684.95703 691.65234 698.40625 705.19922 712.04297 718.89844 2.1915741
43.0000 -46551.555 0.0000000 0.0000000 0.0000000 0.0000000 0.0000000 0.0000000 0.0000000 0.0000000 0.0000000 25.691406 52.089844 78.832031 106.19141 134.02344 162.45312 191.37891 220.92188 250.92969 281.39844 312.52734 344.10938 376.29688 408.91016 442.10156 475.88672 510.16016 544.96094 580.26172 616.12891 605.33594 596.94922 590.57812 585.90625 582.67969 580.71094 579.80469 579.81641 580.66406 582.19531 584.36719 587.07812 590.28906 593.92969 597.94531 602.30469 606.17188 610.21484 613.59375 617.07422 621.55469 626.17188 630.91016 635.76172 641.74219 647.83594 654.06641 660.39453 666.82812 673.34375 679.93750 686.59766 693.32812 700.10938 706.92188 2.1849134
43.2000 -46639.238 0.0000000 0.0000000 0.0000000 0.0000000 0.0000000 0.0000000 0.0000000 0.0000000 0.0000000 23.371094 47.425781 71.765625 96.593750 122.03906 147.91016 174.31250 201.19531 228.65625 256.58594 285.03906 314.00391 343.36719 373.45312 403.75781 434.67969 466.08984 498.21875 530.66406 563.57812 552.14453 543.43750 536.94141 532.26562 529.12109 527.26172 526.50781 526.69531 527.67969 529.37891 531.70703 534.56250 537.90234 541.65625 545.78906 550.25391 554.19531 558.32422 561.75000 565.26953 569.81250 574.48047 579.26172 584.16406 590.17188 596.31250 602.57031 608.92188 615.36719 621.90234 628.51562 635.17578 641.91406 648.69141 655.50391 2.1643634
43.4000 -46599.688 0.0000000 0.0000000 0.0000000 0.0000000 0.0000000 0.0000000 0.0000000 0.0000000 0.0000000 24.183594 48.843750 73.875000 99.273438 125.16406 151.46094 178.08594 205.25781 232.83984 260.76562 289.10938 317.94922 347.18359 376.75391 406.87109 437.43750 468.25391 499.54688 531.33984 563.50391 556.38672 551.10938 547.38672 545.00000 543.76172 543.52344 544.14062 545.52344 547.57812 550.20312 553.36328 556.95703 560.97266 565.34375 570.04297 575.03516 579.38281 583.89844 587.60938 591.42188 596.28516 601.27734 606.37500 611.57031 617.90625 624.37109 630.93750 637.58594 644.32812 651.14062 658.02344 664.95312 671.94531 678.98047 686.03906 2.1358662
43.6000 -46371.285 0.0000000 0.0000000 0.0000000 0.0000000 0.0000000 0.0000000 0.0000000 0.0000000 0.0000000 27.531250 55.554688 84.234375 113.34375 143.01562 173.08203 203.79688 234.91016 266.66406 298.90234 331.64453 364.87500 398.52734 432.82812 467.69141 502.89453 538.75391 575.05469 611.90625 649.20703 643.46484 639.19141 636.17969 634.27734 633.34766 633.24219 633.87109 635.16797 637.03125 639.41797 642.23828 645.47266 649.05078 652.97266 657.16797 661.62891 665.52344 669.55859 672.88672 676.29688 680.67578 685.14453 689.71484 694.37891 700.06641 705.88281 711.77734 717.77344 723.82422 729.96484 736.16406 742.41797 748.71094 755.06641 761.42969 2.2070384
43.8000 -47008.363 0.0000000 0.0000000 0.0000000 0.0000000 0.0000000 0.0000000 0.0000000 0.0000000 0.0000000 32.589844 65.632812 98.929688 132.80078 166.96094 201.58984 236.49219 271.82812 307.51562 343.65234 380.16016 416.98828 454.08594 491.75000 529.65234 568.21484 606.97656 646.08594 685.62500 725.55078 713.66797 704.33984 697.14844 691.74609 687.89062 685.35156 683.95312 683.55078 684.01172 685.22656 687.10547 689.59766 692.58594 696.04688 699.91797 704.17188 707.94922 711.95703 715.29297 718.75000 723.18750 727.80469 732.54688 737.41406 743.41406 749.55078 755.82422 762.21875 768.72266 775.32422 782.00000 788.76953 795.59766 802.48828 809.41797 2.1457055
44.0000 -46659.445 0.0000000 0.0000000 0.0000000 0.0000000 0.0000000 0.0000000 0.0000000 0.0000000 0.0000000 24.148438 48.750000 74.058594 99.921875 126.53906 153.43359 181.06641 209.27344 238.25781 267.64062 297.61328 328.09375 359.26562 391.02734 423.39453 456.31641 489.87500 523.98828 558.68359 594.00781 588.24609 584.14062 581.43750 579.95312 579.50391 579.96094 581.21094 583.14844 585.69922 588.77344 592.34766 596.30859 600.66797 605.33984 610.30859 615.55078 620.10156 624.79297 628.64844 632.58594 637.61719 642.75781 647.98828 653.31250 659.80078 666.40234 673.09766 679.87500 686.72266 693.64453 700.62500 707.65625 714.74609 721.85547 729.00391 2.1667805
44.2000 -46752.520 0.0000000 0.0000000 0.0000000 0.0000000 0.0000000 0.0000000 0.0000000 0.0000000 0.0000000 25.246094 50.988281 77.472656 104.75000 132.39062 160.77344 189.69922 219.32812 249.50000 280.38281 311.96875 344.03125 376.73438 410.05859 444.14453 478.77734 513.99609 549.87500 586.41797 623.57422 615.63672 609.61719 605.21094 602.21094 600.42578 599.67188 599.83984 600.81641 602.49609 604.78906 607.64453 610.98438 614.75000 618.91797 623.42578 628.25391 632.48047 636.88672 640.51953 644.25781 649.04297 653.96484 658.99609 664.14062 670.43359 676.86328 683.40234 690.03516 696.76562 703.56641 710.44531 717.39844 724.40234 731.45703 738.53906 2.1637409
44.4000 -46754.488 0.0000000 0.0000000 0.0000000 0.0000000 0.0000000 0.0000000 0.0000000 0.0000000 0.0000000 24.113281 48.941406 74.402344 100.43750 127.11719 154.50000 182.47266 211.03516 240.24219 270.07031 300.67578 331.79297 363.59766 396.07422 429.07422 462.72266 496.99219 531.91797 567.52734 603.72266 594.69922 587.92578 582.99219 579.62109 577.56641 576.64453 576.67578 577.55859 579.16797 581.42578 584.23828 587.55859 591.31641 595.46094 599.95703 604.76953 608.98047 613.37500 617.00781 620.72656 625.51172 630.41797 635.42969 640.55859 646.83984 653.23438 659.75391 666.35938 673.06641 679.83984 686.69141 693.60938 700.58984 707.60938 714.66016 2.1432512
44.6000 -46608.227 0.0000000 0.0000000 0.0000000 0.0000000 0.0000000 0.0000000 0.0000000 0.0000000 0.0000000 25.550781 51.890625 78.734375 106.25781 134.40234 163.19922 192.50781 222.56250 253.25000 284.62109 316.53516 349.06641 382.33203 416.25781 450.79297 485.92578 521.77734 558.16797 595.23438 632.90234 620.97266 611.99609 605.38281 600.70703 597.61719 595.88281 595.27344 595.63281 596.83594 598.76562 601.33594 604.44922 608.04688 612.06641 616.48047 621.22656 625.41016 629.76562 633.39453 637.11328 641.89453 646.80859 651.84766 657.00000 663.31250 669.74609 676.30078 682.96484 689.71484 696.55469 703.46484 710.44922 717.48047 724.55859 731.67969 2.1580110
44.8000 -47092.883 0.0000000 0.0000000 0.0000000 0.0000000 0.0000000 0.0000000 0.0000000 0.0000000 0.0000000 27.031250 54.613281 82.683594 111.02734 140.01172 169.37500 199.33594 229.75000 260.34766 291.68750 323.45312 355.61719 388.27734 421.51953 455.17969 489.24609 523.78516 558.80859 594.26953 630.23438 623.26953 618.02734 614.29688 611.82812 610.47266 610.07812 610.55469 611.77734 613.65234 616.10938 619.07812 622.52344 626.35938 630.58984 635.13281 639.97266 644.20703 648.61328 652.23828 655.96094 660.74219 665.62891 670.64062 675.74609 682.00391 688.37891 694.86328 701.44922 708.13281 714.88281 721.69922 728.58594 735.53516 742.51562 749.53906 2.1217992
45.0000 -46553.324 0.0000000 0.0000000 0.0000000 0.0000000 0.0000000 0.0000000 0.0000000 0.0000000 0.0000000 23.371094 47.265625 71.757812 96.652344 122.15234 148.05078 174.53906 201.54297 229.05078 257.06250 285.53516 314.57422 344.07031 374.12109 404.62500 435.67188 467.33203 499.42578 531.98438 565.10547 558.68750 553.86719 550.43750 548.21875 547.06250 546.83594 547.42188 548.73828 550.68750 553.21094 556.23438 559.70312 563.58203 567.82031 572.39453 577.23438 581.48438 585.89844 589.52734 593.26172 598.03516 602.92969 607.94141 613.05078 619.31250 625.68750 632.17188 638.74219 645.41406 652.16016 658.96484 665.84766 672.77734 679.76172 686.76953 2.1652589
45.2000 -46643.137 0.0000000 0.0000000 0.0000000 0.0000000 0.0000000 0.0000000 0.0000000 0.0000000 0.0000000 19.679688 40.011719 60.839844 82.382812 104.51953 127.33594 150.73438 174.84375 199.53516 224.82031 250.78906 277.31641 304.64453 332.51562 360.91016 390.01562 419.73047 450.13672 481.19531 512.77344 499.58984 489.58594 482.07812 476.59375 472.76953 470.35547 469.10547 468.86328 469.48828 470.87109 472.89844 475.49609 478.60938 482.16406 486.10156 490.40625 494.21484 498.23047 501.57422 505.02344 509.45703 514.05469 518.76172 523.58984 529.52734 535.58984 541.79688 548.09766 554.50781 561.00000 567.57031 574.21875 580.91797 587.69531 594.48828 2.1601381
45.4000 -46735.297 0.0000000 0.0000000 0.0000000 0.0000000 0.0000000 0.0000000 0.0000000 0.0000000 0.0000000 26.320312 53.210938 80.878906 109.12891 138.00000 167.46484 197.71875 228.46875 259.95312 291.94531 324.74219 358.06641 392.12500 426.65625 462.01562 497.84766 534.46875 571.51953 609.46484 647.86328 637.93359 630.10547 624.06250 619.56250 616.39844 614.40234 613.43359 613.35547 614.07422 615.48438 617.52344 620.11328 623.20312 626.72656 630.64062 634.92188 638.72266 642.73828 646.07031 649.52734 653.96875 658.57422 663.30859 668.16797 674.16016 680.28516 686.54297 692.92188 699.40234 705.98828 712.65625 719.41406 726.23828 733.10938 740.03125 2.1480269
45.6000 -46448.293 0.0000000 0.0000000 0.0000000 0.0000000 0.0000000 0.0000000 0.0000000 0.0000000 0.0000000 29.472656 59.730469 90.539062 121.89844 153.74219 186.13672 219.12891 252.63672 286.78906 321.52734 356.70703 392.42969 428.84766 465.73828 503.13281 541.16406 579.71094 618.79297 658.47266 698.72656 689.01562 681.48047 675.82422 671.74219 669.01562 667.48047 666.94531 667.30078 668.45703 670.26953 672.69141 675.64844 679.08594 682.92969 687.15234 691.69531 695.71875 699.92969 703.42188 707.01562 711.63281 716.39453 721.27344 726.26172 732.39062 738.64453 745.02734 751.52344 758.09375 764.76172 771.50000 778.31250 785.17578 792.11328 799.06250 2.1914604
45.8000 -46688.094 0.0000000 0.0000000 0.0000000 0.0000000 0.0000000 0.0000000 0.0000000 0.0000000 0.0000000 26.019531 52.691406 79.769531 107.32031 135.34766 164.03125 193.10938 222.80469 252.76562 283.48438 314.60938 346.36719 378.43359 411.16797 444.30078 477.99219 512.15625 546.87109 582.00391 617.72656 609.13672 602.54297 597.62500 594.14453 591.91016 590.73047 590.48828 591.07031 592.37500 594.30469 596.79688 599.79688 603.23828 607.06641 611.26562 615.76562 619.74219 623.89844 627.34766 630.87891 635.44141 640.13281 644.94141 649.85938 655.89453 662.05859 668.35156 674.75391 681.23438 687.80859 694.45312 701.17578 707.95703 714.79688 721.66406 2.1938407
46.0000 -46911.422 0.0000000 0.0000000 0.0000000 0.0000000 0.0000000 0.0000000 0.0000000 0.0000000 0.0000000 26.156250 52.761719 79.972656 107.94922 136.51562 165.67578 195.44531 225.85938 256.84375 288.49609 320.69531 353.62109 387.10547 421.22266 455.95312 491.29688 527.28906 563.94141 601.16016 638.99609 631.78125 626.41406 622.61328 620.14062 618.82422 618.50391 619.05078 620.36328 622.34766 624.92969 628.02734 631.59375 635.57812 639.94922 644.64062 649.62500 653.98828 658.51953 662.25781 666.08203 670.99219 676.01562 681.16016 686.41016 692.81641 699.37109 706.01953 712.76562 719.60547 726.53906 733.52344 740.58594 747.69531 754.86328 762.05469 2.1324325
46.2000 -46571.184 0.0000000 0.0000000 0.0000000 0.0000000 0.0000000 0.0000000 0.0000000 0.0000000 0.0000000 27.136719 54.914062 83.218750 112.04688 141.58594 171.63281 202.40234 233.65234 265.44922 297.99219 330.96875 364.68750 398.86328 433.67578 469.05469 505.09766 541.68750 578.90625 616.62891 654.99609 645.94141 639.03516 633.94922 630.39844 628.17969 627.08984 627.00000 627.75391 629.27734 631.44922 634.20312 637.47266 641.18750 645.31641 649.80078 654.60156 658.82422 663.22266 666.87109 670.59375 675.40234 680.32422 685.37891 690.53516 696.84375 703.28516 709.83984 716.50781 723.24609 730.08984 736.98438 743.95703 750.98047 758.06641 765.16797 2.1385558
46.4000 -46415.707 0.0000000 0.0000000 0.0000000 0.0000000 0.0000000 0.0000000 0.0000000 0.0000000 0.0000000 26.878906 54.511719 82.593750 111.07031 140.09375 169.49219 199.49609 229.89453 260.77734 292.10938 323.90625 356.22656 389.12891 422.39453 456.15625 490.33594 525.10938 560.31250 596.01953 632.07031 621.53516 613.57031 607.69922 603.55078 600.83984 599.34766 598.90234 599.35938 600.58984 602.49609 605.00391 608.03516 611.52734 615.42969 619.69141 624.26953 628.31641 632.54688 636.05469 639.65234 644.27344 649.03516 653.91016 658.89453 665.00391 671.24219 677.59766 684.06250 690.61719 697.25000 703.95312 710.73047 717.57031 724.44531 731.35938 2.1988437
46.6000 -46796.121 0.0000000 0.0000000 0.0000000 0.0000000 0.0000000 0.0000000 0.0000000 0.0000000 0.0000000 23.664062 47.886719 72.652344 97.960938 123.86719 150.33984 177.38281 204.91797 233.10547 261.78906 290.97656 320.84766 351.39062 382.32422 413.72656 445.86328 478.57422 511.73828 545.53125 579.83203 572.11719 566.39062 562.32422 559.65234 558.17578 557.70703 558.12891 559.29688 561.14453 563.57812 566.51562 569.92188 573.72656 577.89062 582.37109 587.14062 591.29688 595.62500 599.19922 602.85156 607.54297 612.34766 617.25781 622.24219 628.36719 634.60156 640.94531 647.37891 653.89453 660.48828 667.14453 673.84375 680.61719 687.44141 694.26953 2.1493719
46.8000 -46255.148 0.0000000 0.0000000 0.0000000 0.0000000 0.0000000 0.0000000 0.0000000 0.0000000 0.0000000 27.351562 54.937500 83.156250 111.94922 141.10156 170.90625 201.17969 231.97656 263.45703 295.36328 327.75391 360.60547 394.15625 428.03906 462.59375 497.55469 533.17188 569.33984 605.87109 643.03906 630.66406 620.91406 613.37109 607.66016 603.50781 600.69922 599.03125 598.36719 598.54297 599.49609 601.10938 603.30078 606.01562 609.17188 612.75391 616.69141 620.22266 623.95312 627.07422 630.30469 634.48438 638.82812 643.29297 647.87891 653.53125 659.32812 665.25781 671.29688 677.44922 683.69141 690.01562 696.42188 702.89453 709.42578 715.98828 2.1821499
47.0000 -46603.430 0.0000000 0.0000000 0.0000000 0.0000000 0.0000000 0.0000000 0.0000000 0.0000000 0.0000000 26.156250 52.992188 80.238281 107.90234 136.08984 164.76172 193.85156 223.59375 253.81250 284.47266 315.64844 347.26953 379.58203 412.18750 445.32031 478.88672 513.05859 547.60938 582.82812 618.40234 609.37109 602.37500 597.11719 593.35156 590.87891 589.52734 589.15234 589.64844 590.88672 592.79688 595.28906 598.30078 601.78906 605.67578 609.94141 614.53906 618.58984 622.83594 626.35156 629.97266 634.62109 639.40234 644.31641 649.34375 655.51172 661.80078 668.21094 674.73828 681.35547 688.06641 694.84375 701.69922 708.61328 715.57422 722.57812 2.2172296
47.2000 -46453.676 0.0000000 0.0000000 0.0000000 0.0000000 0.0000000 0.0000000 0.0000000 0.0000000 0.0000000 27.648438 55.652344 83.980469 112.80078 142.15234 171.81641 202.01172 232.58594 263.61719 295.05859 326.92578 359.22656 391.90625 425.12891 458.67578 492.72266 527.18750 562.10156 597.33594 633.12500 624.64062 618.17578 613.43359 610.14453 608.11719 607.17969 607.19531 608.03906 609.61328 611.82422 614.60547 617.89062 621.62109 625.75000 630.23828 635.01562 639.24219 643.62891 647.26953 650.99219 655.78516 660.70703 665.74609 670.89453 677.19141 683.63281 690.17578 696.83984 703.58203 710.40234 717.29688 724.26172 731.30469 738.37109 745.47656 2.1841297
47.4000 -46838.961 0.0000000 0.0000000 0.0000000 0.0000000 0.0000000 0.0000000 0.0000000 0.0000000 0.0000000 26.031250 52.660156 79.550781 107.08984 134.94141 163.35156 192.14062 221.45312 251.21484 281.44141 312.14844 343.33984 374.98438 407.08984 439.65625 472.65625 506.14062 540.15625 574.60547 609.49219 604.37891 600.75000 598.36719 597.08594 596.74219 597.24219 598.45703 600.31250 602.72266 605.64062 609.00781 612.75391 616.85547 621.28516 625.98438 630.92969 635.23828 639.66797 643.31641 647.04297 651.80078 656.65234 661.62109 666.65234 672.80469 679.05469 685.40234 691.82812 698.32812 704.89453 711.51953 718.19531 724.91797 731.67969 738.46484 2.1783717
47.6000 -46461.184 0.0000000 0.0000000 0.0000000 0.0000000 0.0000000 0.0000000 0.0000000 0.0000000 0.0000000 27.472656 55.464844 84.085938 113.18359 142.81250 173.06641 203.81641 235.20703 267.11328 299.56641 332.53516 366.12891 400.23828 435.00781 470.17578 506.00781 542.39062 579.39453 616.80859 654.84375 647.26172 641.42188 637.10547 634.11328 632.27344 631.43359 631.48438 632.31641 633.82031 635.94922 638.60547 641.76562 645.35156 649.32422 653.63281 658.25391 662.31641 666.55469 670.07031 673.67188 678.29297 683.06250 687.92969 692.91016 699.02734 705.25391 711.60156 718.05859 724.59766 731.23047 737.93359 744.70703 751.52344 758.40625 765.31250 2.1881649
47.8000 -46554.199 0.0000000 0.0000000 0.0000000 0.0000000 0.0000000 0.0000000 0.0000000 0.0000000 0.0000000 26.367188 53.292969 80.753906 108.87109 137.69141 167.04297 197.01562 227.54297 258.76172 290.58203 322.96094 356.03125 389.70312 423.92188 458.72266 494.13672 530.10156 566.84766 604.06250 641.92578 635.18750 630.27734 626.93359 624.89453 623.98828 624.03906 624.93359 626.56250 628.83203 631.66406 634.98828 638.76172 642.92188 647.42578 652.24609 657.34375 661.77734 666.37891 670.15234 674.01953 678.95703 684.00391 689.16406 694.41797 700.83984 707.34766 713.97656 720.68750 727.47656 734.35156 741.27734 748.26562 755.29688 762.38672 769.48047 2.1851468
48.0000 -46644.621 0.0000000 0.0000000 0.0000000 0.0000000 0.0000000 0.0000000 0.0000000 0.0000000 0.0000000 28.175781 56.648438 85.761719 115.39453 145.38281 176.05859 207.25781 239.02734 271.21094 303.84766 337.14453 370.95312 405.28906 440.08984 475.48828 511.35547 547.76172 584.70312 622.14453 660.14844 650.89844 643.67578 638.21875 634.25781 631.59766 630.06641 629.53125 629.86328 630.95703 632.72656 635.10156 637.99609 641.37109 645.16016 649.33594 653.84766 657.82812 662.01172 665.47656 669.06641 673.65234 678.39844 683.26953 688.26172 694.38672 700.64453 707.03125 713.52344 720.11719 726.79688 733.56641 740.39844 747.30859 754.25391 761.25781 2.2042153
48.2000 -46858.863 0.0000000 0.0000000 0.0000000 0.0000000 0.0000000 0.0000000 0.0000000 0.0000000 0.0000000 28.191406 56.902344 86.074219 115.72656 145.92578 176.51953 207.75781 239.25781 271.39844 304.02344 337.05078 370.62500 404.59375 439.12500 474.10938 509.43750 545.39844 582.00000 618.85156 656.29688 645.51953 637.10938 630.66016 625.87500 622.52344 620.42578 619.37109 619.25781 619.97656 621.40234 623.46094 626.09375 629.21094 632.78906 636.75781 641.08203 644.91797 648.97656 652.34766 655.82812 660.31641 664.95312 669.72266 674.62109 680.64844 686.81641 693.10938 699.52344 706.04688 712.66406 719.36328 726.13672 732.97656 739.89062 746.83594 2.1421714
48.4000 -46122.633 0.0000000 0.0000000 0.0000000 0.0000000 0.0000000 0.0000000 0.0000000 0.0000000 0.0000000 28.664062 57.726562 87.351562 117.38281 147.96484 179.06250 210.64062 242.76562 275.40625 308.54297 342.18359 376.31250 410.94922 446.11328 481.77344 517.98828 554.69141 591.77734 629.53906 667.73438 656.62891 648.13672 641.81641 637.27734 634.26172 632.53516 631.90234 632.23438 633.37891 635.26172 637.75391 640.81641 644.35938 648.34766 652.70312 657.39062 661.54688 665.89453 669.48828 673.18359 677.95703 682.85547 687.88281 693.01953 699.32031 705.75391 712.30859 718.97266 725.72266 732.56250 739.49219 746.48438 753.52734 760.63281 767.76953 2.1859589
48.6000 -46368.773 0.0000000 0.0000000 0.0000000 0.0000000 0.0000000 0.0000000 0.0000000 0.0000000 0.0000000 31.605469 63.886719 96.632812 130.01953 163.85156 198.42188 233.38281 269.08984 305.30859 342.10938 379.54297 417.47266 455.93359 495.07422 534.71875 574.99609 615.90234 657.35938 699.26172 741.86328 734.50781 728.98828 725.04688 722.44141 721.03516 720.63672 721.14062 722.42578 724.41406 727.01172 730.14453 733.76953 737.82422 742.25781 747.04297 752.12891 756.58203 761.20312 765.01953 768.92578 773.92969 779.07422 784.32812 789.68359 796.23047 802.91016 809.69922 816.58203 823.55859 830.62109 837.75391 844.95312 852.20703 859.50391 866.83984 2.1807513
48.8000 -46705.547 0.0000000 0.0000000 0.0000000 0.0000000 0.0000000 0.0000000 0.0000000 0.0000000 0.0000000 27.386719 55.347656 83.867188 112.98438 142.64453 173.01172 203.83984 235.23047 267.32812 299.94922 333.24219 367.06250 401.39062 436.50391 472.07812 508.10156 544.89453 582.33594 620.20703 658.75391 651.84766 646.71484 643.10938 640.80859 639.62109 639.39844 640.02734 641.39844 643.41016 646.01172 649.10156 652.65234 656.58594 660.89453 665.50781 670.41406 674.68750 679.12500 682.77734 686.51953 691.31641 696.21094 701.23047 706.33984 712.58203 718.95703 725.42578 731.97266 738.60938 745.31641 752.09766 758.93359 765.82031 772.75781 779.71875 2.1949716
49.0000 -46847.535 0.0000000 0.0000000 0.0000000 0.0000000 0.0000000 0.0000000 0.0000000 0.0000000 0.0000000 29.515625 59.246094 89.460938 119.98438 150.77344 182.03125 213.57031 245.42188 277.69922 310.26953 343.20703 376.53516 410.11719 444.05859 478.40234 513.01562 548.07422 583.40234 619.16016 655.15234 646.85156 640.57422 636.02344 632.90625 631.02734 630.20703 630.32422 631.23438 632.84375 635.07422 637.83984 641.08984 644.76953 648.82422 653.21484 657.91016 662.02734 666.32031 669.86719 673.50391 678.16406 682.95312 687.85547 692.85156 698.97656 705.23047 711.58984 718.05078 724.59766 731.22266 737.90625 744.66797 751.48047 758.34766 765.23047 2.1339898
49.2000 -46333.641 0.0000000 0.0000000 0.0000000 0.0000000 0.0000000 0.0000000 0.0000000 0.0000000 0.0000000 30.449219 61.261719 92.726562 124.70703 157.35156 190.39844 223.97656 258.23438 292.87109 328.19922 363.84766 400.24609 437.12891 474.41406 512.43750 550.90625 589.80469 629.38672 669.48438 710.08984 701.78516 695.43750 690.75391 687.51172 685.49609 684.56641 684.57422 685.42188 686.97656 689.17578 691.94141 695.20703 698.92188 703.03125 707.51562 712.28516 716.48047 720.86719 724.48828 728.21484 732.98828 737.90625 742.94922 748.07422 754.36719 760.79688 767.33203 773.96875 780.70703 787.52734 794.41016 801.37891 808.39062 815.46484 822.55078 2.1722515
49.4000 -46637.344 0.0000000 0.0000000 0.0000000 0.0000000 0.0000000 0.0000000 0.0000000 0.0000000 0.0000000 28.945312 58.425781 88.179688 118.56641 149.25391 180.45312 212.04297 244.06250 276.62500 309.66406 343.01562 376.88281 411.19531 445.93750 481.13281 516.73047 552.87891 589.47266 626.45312 663.85156 652.95312 644.37500 637.76953 632.85156 629.41016 627.21875 626.12891 626.01953 626.73828 628.21875 630.35547 633.07812 636.31641 640.01953 644.13281 648.62109 652.62109 656.81250 660.32812 663.93359 668.60156 673.42578 678.37891 683.46094 689.71875 696.12500 702.65625 709.32422 716.08594 722.94922 729.91016 736.94531 744.05469 751.23047 758.42969 2.1493659
49.6000 -46312.270 0.0000000 0.0000000 0.0000000 0.0000000 0.0000000 0.0000000 0.0000000 0.0000000 0.0000000 26.527344 53.355469 80.738281 108.61719 137.01172 165.68359 194.98047 224.63281 254.89453 285.46484 316.54688 348.00391 380.06250 412.57031 445.37891 478.78125 512.68359 547.01953 581.71484 616.92969 604.61719 595.16797 588.05078 582.85938 579.26562 577.01953 575.93750 575.83984 576.61328 578.15234 580.32812 583.09766 586.37500 590.09375 594.23047 598.73047 602.71484 606.91016 610.38672 613.99609 618.63281 623.41406 628.33984 633.37109 639.56250 645.89453 652.35547 658.93359 665.61328 672.38281 679.24609 686.17188 693.16797 700.22656 707.32031 2.1996093
49.8000 -46845.250 0.0000000 0.0000000 0.0000000 0.0000000 0.0000000 0.0000000 0.0000000 0.0000000 0.0000000 30.191406 60.746094 91.882812 123.34375 155.41016 188.02344 220.93750 254.55078 288.46094 323.04688 357.89453 393.34766 429.21875 465.67969 502.52734 539.85547 577.77344 616.12891 654.84766 694.14453 682.95312 674.31641 667.82812 663.15625 660.01172 658.17188 657.46484 657.73438 658.84375 660.70312 663.20312 666.28516 669.85938 673.88281 678.28906 683.04688 687.25000 691.65234 695.30859 699.06641 703.89453 708.87109 713.97266 719.19141 725.58594 732.11328 738.76953 745.53906 752.39453 759.35938 766.38672 773.49609 780.64453 787.85938 795.10156 2.1519461
50.0000 -46879.176 0.0000000 0.0000000 0.0000000 0.0000000 0.0000000 0.0000000 0.0000000 0.0000000 0.0000000 26.679688 53.996094 81.703125 109.78125 138.37109 167.41016 196.82812 226.80469 257.13281 287.96484 319.28906 350.94141 383.14844 415.76562 448.96094 482.46875 516.38672 550.87500 585.73828 621.06641 613.38672 607.56641 603.32812 600.46875 598.78125 598.14062 598.40234 599.44141 601.20703 603.56250 606.48438 609.88672 613.71094 617.92578 622.48047 627.35547 631.62891 636.05859 639.73438 643.49609 648.32812 653.29297 658.35156 663.53516 669.86719 676.33203 682.90625 689.58594 696.34766 703.20312 710.12109 717.10547 724.15234 731.24609 738.36719 2.1568604
50.2000 -46448.953 0.0000000 0.0000000 0.0000000 0.0000000 0.0000000 0.0000000 0.0000000 0.0000000 0.0000000 29.265625 59.144531 89.796875 120.84766 152.70703 185.14453 218.35156 252.01172 286.52344 321.48438 357.16406 393.50000 430.39453 468.02734 506.22266 545.05469 584.50781 624.76562 665.50781 706.92969 698.56641 692.15625 687.45703 684.17188 682.11328 681.12891 681.05078 681.77344 683.19141 685.23047 687.82422 690.88281 694.36328 698.23828 702.44141 706.93750 710.90234 715.02734 718.44531 721.95312 726.45703 731.08984 735.82422 740.66016 746.59766 752.65234 758.80859 765.06641 771.41016 777.83203 784.32812 790.87891 797.49219 804.14844 810.83203 2.1977174
50.4000 -46506.414 0.0000000 0.0000000 0.0000000 0.0000000 0.0000000 0.0000000 0.0000000 0.0000000 0.0000000 29.484375 59.675781 90.460938 121.82422 154.05469 186.60547 220.02734 253.96484 288.58594 323.69922 359.51953 396.00000 433.12891 470.86328 509.25781 548.30859 587.82422 628.12891 668.94922 710.50781 700.89062 693.37500 687.66406 683.48438 680.65234 678.96094 678.29297 678.51953 679.52344 681.21875 683.52344 686.37500 689.71875 693.48828 697.64062 702.14453 706.13672 710.32812 713.80859 717.39844 722.03125 726.79297 731.69922 736.71875 742.89453 749.21484 755.66016 762.21094 768.87500 775.63281 782.48047 789.39844 796.37891 803.42578 810.50781 2.1563809
50.6000 -46718.102 0.0000000 0.0000000 0.0000000 0.0000000 0.0000000 0.0000000 0.0000000 0.0000000 0.0000000 25.277344 51.277344 77.664062 104.81641 132.35156 160.48047 189.12109 218.37109 248.09375 278.33203 309.24219 340.61328 372.58594 405.00000 438.02344 471.57031 505.69141 540.35156 575.62500 611.32812 605.38281 601.14062 598.35156 596.79688 596.31641 596.75000 597.98438 599.92578 602.50000 605.61719 609.22266 613.25781 617.67578 622.43359 627.50781 632.84375 637.48438 642.28125 646.21875 650.24609 655.40234 660.66016 666.01953 671.48047 678.13281 684.91406 691.78516 698.75781 705.79297 712.91406 720.08594 727.32812 734.61719 741.96094 749.32031 2.1253819
50.8000 -46666.410 0.0000000 0.0000000 0.0000000 0.0000000 0.0000000 0.0000000 0.0000000 0.0000000 0.0000000 28.230469 56.851562 85.992188 115.49219 145.50391 175.93750 206.75781 238.06641 269.85938 301.99609 334.72656 367.76172 401.25000 435.21875 469.65625 504.51172 539.80469 575.50000 611.69141 648.31641 638.69922 631.35938 625.90625 622.03125 619.47656 618.08594 617.66016 618.08594 619.25000 621.07031 623.45703 626.36719 629.69531 633.44922 637.54688 641.96484 645.85547 649.93750 653.31641 656.80469 661.26953 665.87109 670.59766 675.42969 681.35547 687.41797 693.58594 699.86719 706.23047 712.68750 719.21094 725.81250 732.46094 739.17969 745.91406 2.1510458
51.0000 -46574.652 0.0000000 0.0000000 0.0000000 0.0000000 0.0000000 0.0000000 0.0000000 0.0000000 0.0000000 28.835938 58.242188 88.191406 118.55859 149.52344 180.85938 212.63281 244.84766 277.77734 311.14453 345.05859 379.39844 414.16406 449.38281 485.30859 521.51562 558.48828 595.64844 633.49219 671.75391 665.87891 661.68359 658.90234 657.33594 656.80859 657.17969 658.33203 660.15234 662.58594 665.53516 668.93750 672.76172 676.94141 681.45703 686.25781 691.30469 695.69531 700.23047 703.95312 707.75781 712.60547 717.57031 722.62109 727.76562 734.02734 740.40625 746.87891 753.42578 760.04688 766.73828 773.48438 780.28906 787.12891 794.01172 800.91406 2.1904471
51.2000 -46624.129 0.0000000 0.0000000 0.0000000 0.0000000 0.0000000 0.0000000 0.0000000 0.0000000 0.0000000 27.375000 55.246094 84.003906 113.18750 143.08203 173.49219 204.52734 236.17969 268.41406 301.24609 334.73438 368.83203 403.39844 438.76172 474.61328 511.21094 548.30859 586.01172 624.40625 663.34375 651.45312 642.00391 634.61328 629.00000 624.91797 622.17969 620.60156 620.03906 620.37891 621.50000 623.31641 625.76953 628.76562 632.26562 636.18750 640.51562 644.39062 648.48828 651.91016 655.46094 660.05469 664.80078 669.71094 674.75391 680.96484 687.32812 693.84375 700.49219 707.24609 714.11328 721.07812 728.12500 735.24219 742.43359 749.66406 2.1573386
51.4000 -46878.625 0.0000000 0.0000000 0.0000000 0.0000000 0.0000000 0.0000000 0.0000000 0.0000000 0.0000000 24.367188 49.257812 74.691406 100.83203 127.42188 154.56250 182.32422 210.77734 239.51562 269.00000 299.01953 329.55859 360.72266 392.44922 424.89062 457.65625 491.02344 525.07812 559.58203 594.75000 586.36719 579.96094 575.24219 571.95312 569.89453 568.90234 568.83984 569.58203 571.03906 573.10938 575.73047 578.83594 582.36719 586.28125 590.53125 595.10156 599.10938 603.27344 606.74219 610.28125 614.83984 619.51172 624.30859 629.19531 635.20312 641.30859 647.53906 653.85938 660.28125 666.77344 673.32812 679.94922 686.62891 693.36328 700.11719 2.1393301
51.6000 -46368.816 0.0000000 0.0000000 0.0000000 0.0000000 0.0000000 0.0000000 0.0000000 0.0000000 0.0000000 30.441406 61.230469 92.304688 123.60938 155.27344 187.25781 219.49609 251.98438 284.73438 317.72656 351.14844 384.80469 418.73438 452.89453 487.37500 522.14453 557.13672 592.51953 628.14453 664.04688 658.58203 654.62500 651.97266 650.42188 649.83594 650.08594 651.05469 652.66797 654.83984 657.50000 660.60156 664.08594 667.92578 672.06641 676.47656 681.13672 685.17969 689.35938 692.79688 696.30859 700.80078 705.38672 710.06250 714.81250 720.63672 726.53906 732.53516 738.60547 744.74609 750.96094 757.21094 763.51172 769.86719 776.25000 782.65625 2.2212617
51.8000 -46508.488 0.0000000 0.0000000 0.0000000 0.0000000 0.0000000 0.0000000 0.0000000 0.0000000 0.0000000 23.488281 47.484375 71.988281 96.925781 122.14062 147.98047 174.07031 200.87891 227.87109 255.27344 283.34375 311.76562 340.44531 369.79688 399.53516 429.60156 460.21094 491.22656 522.57812 554.48828 547.32812 541.91797 538.01562 535.40234 533.93359 533.42969 533.77734 534.89453 536.66406 539.02734 541.89844 545.24219 548.98438 553.10156 557.53906 562.28516 566.42578 570.73047 574.29297 577.95312 582.62109 587.42578 592.33594 597.34766 603.48047 609.73047 616.08203 622.53125 629.07422 635.69141 642.37500 649.12109 655.92188 662.76953 669.64062 2.1932902
52.0000 -46764.031 0.0000000 0.0000000 0.0000000 0.0000000 0.0000000 0.0000000 0.0000000 0.0000000 0.0000000 27.847656 56.285156 85.234375 114.63281 144.48047 174.85156 205.75000 237.17188 269.08984 301.36719 334.31250 367.67578 401.49609 435.93750 470.72656 506.03516 541.89453 578.16797 615.00391 652.31641 643.85938 637.37891 632.57422 629.19141 627.05469 625.97266 625.83984 626.51172 627.91016 629.92969 632.48828 635.56641 639.07422 642.96484 647.21094 651.76953 655.76562 659.95312 663.41406 666.96094 671.52344 676.22656 681.03516 685.95703 691.98047 698.13281 704.40234 710.76953 717.22656 723.75391 730.37109 737.04688 743.77344 750.56250 757.37891 2.1228387
52.2000 -46517.965 0.0000000 0.0000000 0.0000000 0.0000000 0.0000000 0.0000000 0.0000000 0.0000000 0.0000000 27.250000 54.968750 83.332031 112.15234 141.51562 171.45312 201.89062 232.75000 264.18750 296.27734 328.72656 361.74219 395.19531 429.32422 463.87500 498.93359 534.61719 570.90234 607.45703 644.66406 639.20312 635.30078 632.69141 631.21484 630.73438 631.09766 632.23438 634.02734 636.40625 639.29688 642.65234 646.40625 650.53125 654.98047 659.69922 664.69531 669.03125 673.50781 677.19141 680.95312 685.76953 690.67969 695.68750 700.78906 707.00781 713.32812 719.75000 726.25391 732.83984 739.48047 746.18359 752.93359 759.73828 766.59375 773.45312 2.1584935
52.4000 -47080.418 0.0000000 0.0000000 0.0000000 0.0000000 0.0000000 0.0000000 0.0000000 0.0000000 0.0000000 27.175781 55.160156 83.761719 113.05859 143.01562 173.64062 204.90234 236.89062 269.55859 302.94922 336.96875 371.75000 407.12500 443.33594 480.10156 517.49219 555.63672 594.48047 633.92578 674.13281 666.44922 660.64844 656.45703 653.61328 651.96484 651.33984 651.59766 652.63281 654.34375 656.67578 659.53516 662.87109 666.61719 670.74609 675.19531 679.95703 684.12500 688.46484 692.04297 695.71094 700.41406 705.25000 710.20312 715.24219 721.41797 727.70312 734.11719 740.62500 747.20703 753.87109 760.61719 767.41016 774.25391 781.16797 788.08984 2.1987140
52.6000 -46802.320 0.0000000 0.0000000 0.0000000 0.0000000 0.0000000 0.0000000 0.0000000 0.0000000 0.0000000 26.515625 53.445312 80.960938 108.79688 137.22266 166.13672 195.46875 225.33203 255.67969 286.48828 317.82812 349.62500 381.83594 414.50781 447.83984 481.51953 515.82031 550.38281 585.57422 621.15625 607.82031 597.23438 588.95703 582.64844 577.99219 574.78906 572.82031 571.92969 571.98047 572.86328 574.46094 576.72266 579.55078 582.88281 586.65625 590.84375 594.60547 598.59375 601.94531 605.40625 609.91016 614.57031 619.38281 624.32031 630.42969 636.70312 643.10938 649.66016 656.32422 663.09375 669.96094 676.91797 683.95312 691.03906 698.18359 2.1656406
52.8000 -46538.922 0.0000000 0.0000000 0.0000000 0.0000000 0.0000000 0.0000000 0.0000000 0.0000000 0.0000000 26.261719 53.000000 79.867188 107.19922 134.91797 162.86719 191.26953 219.98047 249.10156 278.51172 308.17969 338.33594 368.74219 399.59766 430.78125 462.27734 494.14453 526.36328 559.03516 591.83594 583.08594 576.28906 571.17578 567.53906 565.17188 563.91406 563.64062 564.22266 565.57812 567.60938 570.23828 573.41016 577.05469 581.14062 585.59766 590.41406 594.66016 599.10547 602.78125 606.58594 611.46875 616.50000 621.66016 626.94531 633.42578 640.05859 646.80859 653.68750 660.66797 667.74219 674.91406 682.15234 689.44922 696.82031 704.22656 2.1723638
53.0000 -46940.293 0.0000000 0.0000000 0.0000000 0.0000000 0.0000000 0.0000000 0.0000000 0.0000000 0.0000000 23.859375 48.351562 73.496094 98.984375 125.08594 151.77344 179.23047 207.08594 235.58203 264.53906 294.10938 324.35547 355.18750 386.56250 418.49219 450.98828 484.07422 517.69531 551.94141 586.73438 580.55469 576.02344 572.89844 570.96875 570.10938 570.14453 570.96875 572.51562 574.66797 577.37109 580.55078 584.17188 588.16797 592.51562 597.15625 602.07031 606.35938 610.80859 614.46484 618.21875 623.00781 627.91406 632.91406 638.02734 644.26562 650.61328 657.06250 663.61719 670.24219 676.93750 683.69922 690.52344 697.39453 704.31250 711.25781 2.1681461
53.2000 -46943.059 0.0000000 0.0000000 0.0000000 0.0000000 0.0000000 0.0000000 0.0000000 0.0000000 0.0000000 26.277344 52.984375 80.156250 107.69922 135.76562 164.33594 193.37891 222.87500 252.77734 283.21094 314.06641 345.38672 377.21484 409.42578 442.06641 475.16406 508.89844 542.95703 577.40625 612.44141 601.14453 592.43750 585.87109 581.08984 577.80078 575.80078 574.87500 574.91016 575.75781 577.31641 579.51953 582.25391 585.48828 589.13672 593.16797 597.54297 601.42578 605.48828 608.86719 612.34375 616.82422 621.44922 626.19141 631.05078 637.00391 643.09375 649.30859 655.62891 662.02344 668.52734 675.09766 681.74219 688.43750 695.19922 701.98047 2.1995795
53.4000 -46791.266 0.0000000 0.0000000 0.0000000 0.0000000 0.0000000 0.0000000 0.0000000 0.0000000 0.0000000 24.398438 49.136719 74.390625 100.07812 126.16406 152.55859 179.37891 206.81641 234.43359 262.52734 291.08594 320.07031 349.50391 379.19531 409.37109 440.02734 470.99219 502.35938 534.21094 566.48047 560.39453 555.89844 552.75000 550.79297 549.87109 549.85156 550.63281 552.10547 554.20312 556.85156 559.99219 563.55859 567.52734 571.83984 576.45312 581.35938 585.64062 590.07812 593.73828 597.49609 602.27734 607.18750 612.19531 617.31250 623.56641 629.92578 636.39453 642.96484 649.61328 656.33203 663.12891 669.96875 676.87891 683.82812 690.80078 2.1638975
53.6000 -46435.215 0.0000000 0.0000000 0.0000000 0.0000000 0.0000000 0.0000000 0.0000000 0.0000000 0.0000000 30.707031 61.964844 93.750000 125.95312 158.80078 192.26953 226.19141 260.66016 295.73438 331.34766 367.40234 404.07812 441.28125 479.11719 517.32812 556.20312 595.59766 635.53516 676.01953 716.97656 708.97266 702.92188 698.52344 695.51953 693.72266 692.96484 693.11328 694.05859 695.70312 697.96094 700.75000 704.04297 707.74609 711.83984 716.27344 721.01172 725.16797 729.50391 733.09375 736.77734 741.49609 746.33984 751.31250 756.37891 762.58984 768.92969 775.37891 781.92969 788.56250 795.28516 802.09766 808.95703 815.87109 822.84766 829.84766 2.2125311
53.8000 -46987.879 0.0000000 0.0000000 0.0000000 0.0000000 0.0000000 0.0000000 0.0000000 0.0000000 0.0000000 25.203125 51.140625 77.746094 104.91406 132.67188 161.11328 190.30469 220.14453 250.51172 281.75391 313.48828 345.91797 378.96484 412.63672 446.93750 481.96875 517.60938 553.95703 590.89844 628.51562 621.36719 615.87109 611.79688 608.98047 607.24609 606.46875 606.54297 607.37109 608.84766 610.91797 613.50391 616.57422 620.04688 623.92188 628.10156 632.58984 636.55078 640.68359 644.10156 647.60547 652.12109 656.76562 661.51562 666.37891 672.33594 678.41797 684.62500 690.94141 697.33203 703.80859 710.35938 716.97656 723.64844 730.39844 737.15625 2.1545405
54.0000 -46877.754 0.0000000 0.0000000 0.0000000 0.0000000 0.0000000 0.0000000 0.0000000 0.0000000 0.0000000 28.367188 57.355469 86.824219 116.94141 147.61719 178.77734 210.55078 242.73438 275.68750 308.99609 342.98438 377.50781 412.40625 448.12891 484.32031 520.91016 558.15625 596.00781 634.40625 673.23047 668.42188 665.09375 663.02734 662.05859 662.01172 662.78906 664.28125 666.40234 669.07812 672.22656 675.82031 679.79297 684.11719 688.73438 693.63281 698.77344 703.21875 707.80078 711.57031 715.40625 720.30078 725.30078 730.38672 735.56250 741.86719 748.27344 754.76953 761.34766 767.99609 774.69922 781.46094 788.27734 795.14062 802.04297 808.96094 2.1814930
54.2000 -46588.102 0.0000000 0.0000000 0.0000000 0.0000000 0.0000000 0.0000000 0.0000000 0.0000000 0.0000000 28.988281 58.421875 88.089844 118.17188 148.70312 179.39062 210.44141 241.91016 273.71094 305.88672 338.42969 371.22656 404.50391 437.98047 471.75391 505.94922 540.55078 575.46484 610.70703 646.26172 636.62500 629.11328 623.37891 619.18750 616.34375 614.65625 613.97266 614.17578 615.15625 616.83203 619.11328 621.92969 625.22266 628.94531 633.05469 637.50391 641.44141 645.58203 649.03125 652.56641 657.13672 661.84375 666.67578 671.63281 677.72266 683.95703 690.30859 696.77344 703.34375 710.00000 716.74609 723.55469 730.43750 737.37500 744.35156 2.1622741
54.4000 -46960.531 0.0000000 0.0000000 0.0000000 0.0000000 0.0000000 0.0000000 0.0000000 0.0000000 0.0000000 26.847656 54.125000 81.921875 110.07812 138.73438 167.73828 197.30078 227.32812 257.83203 288.77734 320.12500 351.98047 384.30859 417.07031 450.25391 483.85938 518.01172 552.62891 587.68750 623.14453 615.30859 609.28516 604.83203 601.74609 599.84766 599.00391 599.08984 599.96875 601.58984 603.84375 606.64844 609.98828 613.76953 617.94922 622.50781 627.39453 631.68750 636.17578 639.88672 643.69531 648.59375 653.63281 658.79688 664.06641 670.54297 677.14453 683.88281 690.71094 697.66797 704.70703 711.81250 719.00000 726.24609 733.55859 740.89844 2.1654789
54.6000 -46570.070 0.0000000 0.0000000 0.0000000 0.0000000 0.0000000 0.0000000 0.0000000 0.0000000 0.0000000 28.246094 56.898438 86.328125 116.19531 146.61328 177.51953 208.99609 241.12891 273.73828 306.93750 340.78125 375.10938 410.05078 445.39062 481.52734 517.91406 555.16016 592.83594 631.14453 669.89062 661.13672 654.39844 649.38672 645.84375 643.56641 642.39844 642.19531 642.81250 644.18359 646.20312 648.80078 651.90625 655.47266 659.42969 663.75391 668.39453 672.49219 676.76953 680.31250 683.96094 688.62891 693.44141 698.38672 703.42969 709.61328 715.92969 722.36719 728.90234 735.54297 742.26562 749.06250 755.92969 762.85156 769.83594 776.83984 2.1926286
54.8000 -46768.363 0.0000000 0.0000000 0.0000000 0.0000000 0.0000000 0.0000000 0.0000000 0.0000000 0.0000000 22.457031 45.265625 68.847656 93.027344 117.84375 143.22656 169.43750 196.06250 223.36719 251.23438 280.00391 309.02734 338.84766 369.24609 400.31641 432.07031 464.42188 497.33203 530.85938 565.01953 555.05078 547.34375 541.53125 537.33203 534.54297 532.96484 532.41797 532.80469 533.97266 535.85156 538.34766 541.40625 544.94531 548.91406 553.26562 557.96484 562.12109 566.45703 570.07422 573.78125 578.54688 583.46484 588.51953 593.67188 600.00000 606.48828 613.07812 619.77734 626.59766 633.48828 640.46094 647.50000 654.61719 661.78906 668.99219 2.1538572
55.0000 -46657.926 0.0000000 0.0000000 0.0000000 0.0000000 0.0000000 0.0000000 0.0000000 0.0000000 0.0000000 23.925781 48.246094 73.593750 99.402344 125.95312 152.92578 180.86719 209.41016 238.70312 268.48438 299.07031 330.17188 362.14453 394.59375 427.98438 461.81250 496.29688 531.43359 567.41016 603.94531 596.70703 591.44531 587.83203 585.61719 584.58203 584.55859 585.41406 587.02344 589.30078 592.15625 595.52344 599.32812 603.54297 608.10938 612.99219 618.14844 622.63672 627.28906 631.10938 635.01562 640.01172 645.12109 650.33594 655.64062 662.12109 668.71094 675.39453 682.17969 689.03516 695.96484 702.96094 710.01172 717.09766 724.23828 731.40625 2.1180420
55.2000 -46735.926 0.0000000 0.0000000 0.0000000 0.0000000 0.0000000 0.0000000 0.0000000 0.0000000 0.0000000 29.164062 58.773438 88.664062 118.84375 149.41797 180.17188 211.31250 242.64453 274.37891 306.32031 338.71484 371.29688 404.16797 437.31250 470.97656 504.72266 538.81641 573.20312 607.90234 642.91016 629.33594 618.62891 610.30859 603.96875 599.31641 596.09375 594.10156 593.17578 593.17188 593.98828 595.50781 597.65625 600.36719 603.55859 607.19922 611.21484 614.82422 618.66406 621.87109 625.21094 629.52734 633.99609 638.61328 643.36328 649.21484 655.22656 661.36719 667.65234 674.03516 680.52734 687.10547 693.75391 700.48438 707.28125 714.10938 2.1703019
55.4000 -46594.566 0.0000000 0.0000000 0.0000000 0.0000000 0.0000000 0.0000000 0.0000000 0.0000000 0.0000000 25.144531 50.789062 76.984375 103.52734 130.53906 158.05859 186.01953 214.43359 243.35547 272.68750 302.50781 332.74609 363.51172 394.55859 426.17188 458.35156 490.89062 523.86328 557.34766 591.28125 584.89844 580.16797 576.85547 574.77344 573.78125 573.73047 574.52344 576.05469 578.24219 581.00000 584.29688 588.04688 592.20703 596.73828 601.60547 606.77344 611.28906 615.96875 619.82812 623.78516 628.85156 634.03906 639.33984 644.75000 651.35938 658.10547 664.95312 671.90234 678.94922 686.06250 693.25391 700.52344 707.84375 715.21094 722.60938 2.1738374
55.6000 -46227.820 0.0000000 0.0000000 0.0000000 0.0000000 0.0000000 0.0000000 0.0000000 0.0000000 0.0000000 30.460938 61.484375 93.097656 125.35156 157.98047 191.31250 225.16797 259.68750 294.73438 330.32812 366.40625 403.10156 440.32812 478.17578 516.56250 555.63672 595.22266 635.34766 675.96484 717.27344 710.91797 706.28125 703.11328 701.20703 700.40234 700.53906 701.51953 703.21484 705.57031 708.47656 711.89844 715.76172 720.02734 724.64844 729.57812 734.80859 739.35547 744.07031 747.94531 751.91016 756.98438 762.16016 767.45703 772.84375 779.44141 786.13672 792.94141 799.84375 806.82812 813.88281 821.00781 828.19922 835.43750 842.71484 850.02344 2.1948042
55.8000 -46556.148 0.0000000 0.0000000 0.0000000 0.0000000 0.0000000 0.0000000 0.0000000 0.0000000 0.0000000 26.031250 52.429688 79.292969 106.64453 134.19922 162.37891 190.94141 219.85938 249.24609 279.08594 309.35938 339.95312 371.03125 402.52344 434.50000 466.82031 499.58203 532.72656 566.39453 600.39062 594.42578 590.07812 587.11719 585.33203 584.58594 584.74219 585.67188 587.29688 589.52734 592.30078 595.55078 599.21875 603.25000 607.63672 612.31641 617.26953 621.57031 626.03516 629.70703 633.46484 638.26562 643.18750 648.20703 653.31641 659.55859 665.91016 672.35938 678.90625 685.52344 692.21484 698.97656 705.78906 712.65625 719.55469 726.49609 2.1851454
56.0000 -46478.465 0.0000000 0.0000000 0.0000000 0.0000000 0.0000000 0.0000000 0.0000000 0.0000000 0.0000000 24.613281 49.832031 75.593750 101.82031 128.61328 155.96484 183.82422 212.22656 241.21875 270.71875 300.79688 331.32422 362.40625 394.03125 426.12500 458.94922 492.18750 525.98047 560.34375 595.17969 588.43359 583.31250 579.58594 577.10547 575.67188 575.18750 575.51953 576.56641 578.26172 580.51172 583.26953 586.48047 590.08984 594.05469 598.36328 602.92969 606.94922 611.11719 614.56641 618.10547 622.65625 627.30859 632.07422 636.94922 642.91797 649.00000 655.18750 661.48047 667.84766 674.29688 680.82422 687.39844 694.03125 700.71484 707.44141 2.1909275
56.2000 -46753.066 0.0000000 0.0000000 0.0000000 0.0000000 0.0000000 0.0000000 0.0000000 0.0000000 0.0000000 29.445312 59.628906 90.277344 121.60156 153.58984 186.07422 219.25391 252.92188 287.25391 322.21484 357.79688 393.91406 430.60156 467.91797 505.89062 544.38672 583.63672 623.33203 663.70312 704.62891 694.41016 686.65625 680.95312 676.97266 674.46484 673.22266 673.07812 673.87891 675.48828 677.82422 680.78516 684.29297 688.30469 692.75391 697.56641 702.73438 707.27734 712.01172 715.92578 719.94141 725.10547 730.39453 735.82031 741.34766 748.13672 755.05469 762.08594 769.22656 776.47266 783.79688 791.19531 798.66797 806.21094 813.79297 821.41016 2.1427562
56.4000 -46065.262 0.0000000 0.0000000 0.0000000 0.0000000 0.0000000 0.0000000 0.0000000 0.0000000 0.0000000 26.195312 52.804688 79.917969 107.73828 135.95312 165.03906 194.35156 224.35156 254.89453 285.95312 317.48047 349.64453 382.23828 415.44922 449.28906 483.66406 518.55469 553.93750 590.03906 626.47656 612.77734 602.20703 594.16016 588.18750 583.92969 581.12109 579.52344 578.97266 579.32812 580.47266 582.28516 584.70312 587.64062 591.06641 594.87500 599.05859 602.79297 606.72656 610.01953 613.41016 617.79688 622.33594 626.99609 631.78906 637.67188 643.71484 649.87109 656.14062 662.52734 668.99219 675.55078 682.17969 688.87891 695.62891 702.41797 2.1764045
56.6000 -46593.672 0.0000000 0.0000000 0.0000000 0.0000000 0.0000000 0.0000000 0.0000000 0.0000000 0.0000000 25.039062 50.457031 76.679688 103.41406 130.83203 158.81641 187.53906 216.81250 246.70312 277.29297 308.47656 340.34766 372.78125 405.73438 439.49219 473.79688 508.71484 544.28906 580.57422 617.33984 608.10938 601.05859 595.83203 592.13281 589.71875 588.42969 588.08984 588.59766 589.82422 591.69141 594.12109 597.03125 600.38672 604.13281 608.23047 612.62500 616.51172 620.55859 623.91016 627.35547 631.79297 636.35547 641.02734 645.80859 651.67578 657.65625 663.75000 669.95312 676.22656 682.59766 689.03906 695.53125 702.09375 708.71094 715.34766 2.1582525
56.8000 -46134.723 0.0039062500 0.0000000 0.0000000 0.0039062500 0.0039062500 0.0039062500 0.0000000 0.0039062500 0.0000000 26.070312 52.667969 79.714844 107.39062 135.44922 164.00000 193.06641 222.60156 252.75781 283.41797 314.50391 346.14453 378.23828 410.91016 443.98828 477.50000 511.76953 546.50000 581.62109 617.23828 608.18359 601.41016 596.49219 593.13672 591.10156 590.18750 590.24609 591.12109 592.73047 594.96875 597.76172 601.03906 604.73828 608.82422 613.25781 617.98047 622.12109 626.43359 630.00391 633.65234 638.33594 643.14453 648.05859 653.07422 659.21484 665.47656 671.83984 678.29688 684.83594 691.45703 698.15234 704.89844 711.69922 718.54688 725.41797 2.1577485
57.0000 -47019.891 0.0000000 0.0000000 0.0000000 0.0000000 0.0000000 0.0000000 0.0000000 0.0000000 0.0000000 26.316406 52.960938 79.808594 107.05078 134.35938 161.98828 189.87109 218.03516 246.48828 275.09375 304.06641 333.17969 362.70312 392.44531 422.37109 452.56250 483.07422 513.75391 544.74219 575.96875 564.87500 556.16406 549.48438 544.53125 541.07422 538.89062 537.82812 537.73047 538.48828 539.98047 542.14453 544.87891 548.14453 551.86328 555.99219 560.48438 564.46875 568.66797 572.15625 575.75781 580.39453 585.19141 590.13281 595.18359 601.39062 607.75391 614.25000 620.85156 627.57031 634.37891 641.26562 648.23047 655.26953 662.36328 669.49219 2.1482117
57.2000 -46389.523 0.0000000 0.0000000 0.0000000 0.0000000 0.0000000 0.0000000 0.0000000 0.0000000 0.0000000 21.562500 43.542969 65.949219 88.929688 112.40234 136.25781 160.59766 185.43750 210.82812 236.61328 262.76172 289.61719 316.84375 344.51562 372.73438 401.30078 430.40625 459.97656 490.03125 520.58203 512.81641 506.96484 502.75391 499.92578 498.29688 497.72266 498.05078 499.16797 500.98438 503.41406 506.38281 509.83203 513.71875 517.97656 522.57812 527.47656 531.76953 536.24219 539.92188 543.70312 548.54297 553.51172 558.60156 563.78516 570.13281 576.60156 583.17969 589.86328 596.63672 603.48047 610.39844 617.37891 624.41406 631.50391 638.61719 2.1937659
57.4000 -46468.652 0.0000000 0.0000000 0.0000000 0.0000000 0.0000000 0.0000000 0.0000000 0.0000000 0.0000000 28.511719 57.636719 87.265625 117.54297 148.33984 179.70312 211.50391 244.10156 277.08594 310.52344 344.65625 379.41406 414.61719 450.45703 486.91016 523.86328 561.28906 599.23047 637.99219 677.13281 668.25000 661.34766 656.17578 652.48047 650.08203 648.80859 648.53516 649.13672 650.49609 652.55469 655.20703 658.41797 662.10156 666.21484 670.70312 675.55078 679.82812 684.30078 688.01172 691.82422 696.73438 701.78125 706.96484 712.26953 718.77344 725.42969 732.20312 739.09375 746.09766 753.18359 760.35547 767.60156 774.92578 782.30078 789.71094 2.1775713
57.6000 -46706.328 0.0000000 0.0000000 0.0000000 0.0000000 0.0000000 0.0000000 0.0000000 0.0000000 0.0000000 29.953125 60.398438 91.281250 122.55859 154.33594 186.61328 219.29297 252.43359 286.01953 320.05469 354.49219 389.44141 424.80469 460.58594 496.77734 533.58984 570.62109 608.25000 646.25391 684.76562 674.89844 667.14062 661.19531 656.79688 653.73047 651.83203 650.92578 650.92188 651.70312 653.16016 655.25000 657.87109 660.97656 664.51953 668.43750 672.71094 676.51172 680.50391 683.83203 687.26172 691.69141 696.26953 700.98438 705.80859 711.75000 717.82812 724.04688 730.37500 736.80859 743.33984 749.95703 756.64453 763.41406 770.23438 777.08984 2.1630361
57.8000 -46534.562 0.0000000 0.0000000 0.0000000 0.0000000 0.0000000 0.0000000 0.0000000 0.0000000 0.0000000 29.441406 59.046875 89.011719 119.13672 149.67969 180.37891 211.39062 242.70312 274.38672 306.15625 338.38281 370.87109 403.49609 436.44531 469.70703 503.16797 537.05469 571.09375 605.46484 640.12891 629.43750 621.02344 614.57422 609.79688 606.47266 604.37891 603.40234 603.37500 604.18750 605.74219 607.94922 610.73828 614.04688 617.80469 621.98438 626.51953 630.55078 634.80469 638.32422 641.96094 646.65234 651.50391 656.48047 661.58203 667.85938 674.28906 680.83594 687.51172 694.28125 701.17969 708.13672 715.17578 722.28516 729.45703 736.66016 2.1639073
58.0000 -46557.410 0.0000000 0.0000000 0.0000000 0.0000000 0.0000000 0.0000000 0.0000000 0.0000000 0.0000000 29.308594 59.097656 89.035156 119.27344 149.80859 180.64453 211.85938 243.23438 274.91406 306.95312 339.28125 371.77344 404.73047 437.87500 471.43750 505.19922 539.29688 573.65625 608.34375 643.23047 634.45312 627.75391 622.80859 619.35547 617.20703 616.15625 616.06641 616.83594 618.34375 620.49219 623.22266 626.46484 630.15234 634.23828 638.67969 643.44531 647.62891 652.00391 655.61719 659.33984 664.10156 669.02344 674.03906 679.16797 685.44922 691.86719 698.40234 705.04297 711.76172 718.57422 725.46875 732.41406 739.42969 746.50000 753.59375 2.1442053
58.2000 -46741.406 0.0000000 0.0000000 0.0000000 0.0000000 0.0000000 0.0000000 0.0000000 0.0000000 0.0000000 27.386719 55.578125 84.199219 113.47656 143.46875 173.89453 205.08594 236.91797 269.40234 302.53125 336.17969 370.47266 405.29688 441.00391 477.08984 513.96094 551.31250 589.48828 628.04297 667.37891 656.93750 648.69922 642.35156 637.64453 634.35156 632.28125 631.30078 631.27344 632.07031 633.62109 635.80859 638.59375 641.88281 645.63672 649.80859 654.35156 658.38672 662.62500 666.16797 669.81250 674.53516 679.39062 684.39062 689.52344 695.83203 702.30469 708.91016 715.62500 722.45703 729.39062 736.41406 743.51172 750.68359 757.92188 765.19922 2.1540353
58.4000 -47036.023 0.0000000 0.0000000 0.0000000 0.0000000 0.0000000 0.0000000 0.0000000 0.0000000 0.0000000 29.089844 58.460938 88.578125 119.09766 150.38672 182.08984 214.38672 247.22266 280.70312 314.71484 349.32422 384.48828 420.08984 456.27344 493.08203 530.45703 568.39453 606.87891 645.98438 685.52344 671.19141 659.55469 650.24219 642.90625 637.31641 633.21875 630.44141 628.82031 628.21484 628.50000 629.59375 631.39453 633.83594 636.82812 640.32812 644.28516 647.87891 651.73438 655.00000 658.41016 662.83984 667.44531 672.25000 677.21094 683.33984 689.65234 696.15234 702.79297 709.58203 716.48828 723.50000 730.61719 737.83594 745.12109 752.47266 2.1514146
58.6000 -46559.930 0.0000000 0.0000000 0.0000000 0.0000000 0.0000000 0.0000000 0.0000000 0.0000000 0.0000000 28.464844 57.468750 87.136719 117.30469 148.21875 179.58203 211.47266 244.13281 277.24609 310.98828 345.32812 380.28906 415.79688 451.90234 488.79297 525.99219 563.93750 602.25391 641.36328 680.99609 669.76953 660.89062 654.00000 648.81250 645.10156 642.66016 641.32031 640.95312 641.44531 642.67969 644.57031 647.05469 650.07422 653.53906 657.42578 661.68750 665.49609 669.50391 672.85156 676.30859 680.79297 685.42969 690.18750 695.08984 701.12500 707.30078 713.61719 720.04688 726.60156 733.24609 739.98438 746.79297 753.68359 760.62500 767.61328 2.1695549
58.8000 -46718.227 0.0000000 0.0000000 0.0000000 0.0000000 0.0000000 0.0000000 0.0000000 0.0000000 0.0000000 26.687500 53.585938 80.808594 108.28516 135.96484 163.96094 192.19922 220.70703 249.48828 278.41797 307.76172 337.19531 367.05078 397.05469 427.32031 457.91797 488.72656 519.81250 551.14453 582.71875 572.92969 565.31250 559.55859 555.39844 552.60547 551.03516 550.49219 550.86719 552.05469 553.94531 556.45703 559.52344 563.10156 567.10938 571.51172 576.26953 580.47266 584.87109 588.53125 592.30078 597.14062 602.13281 607.25781 612.50391 618.95312 625.53125 632.24219 639.07422 646.01172 653.04688 660.14844 667.34375 674.58203 681.91406 689.26172 2.1577806
59.0000 -46454.770 0.0000000 0.0000000 0.0000000 0.0000000 0.0000000 0.0000000 0.0000000 0.0000000 0.0000000 27.417969 55.265625 83.742188 112.89453 142.46484 172.47656 203.08984 234.49219 266.26172 298.59375 331.47656 364.78516 398.80078 433.35938 468.47656 504.16797 540.34375 577.00781 614.35156 652.23047 639.08984 628.95312 621.22656 615.50000 611.43359 608.75781 607.27344 606.81250 607.23828 608.42969 610.29297 612.74219 615.72266 619.16016 622.99609 627.19531 630.94531 634.89844 638.17969 641.59766 645.99219 650.52734 655.21094 660.01172 665.89844 671.94531 678.11719 684.40234 690.78125 697.26562 703.83984 710.46875 717.17188 723.92969 730.73438 2.1826246
59.2000 -46254.188 0.0000000 0.0000000 0.0000000 0.0000000 0.0000000 0.0000000 0.0000000 0.0000000 0.0000000 25.878906 52.519531 79.890625 108.10547 137.03906 166.69922 197.17188 228.46875 260.35938 293.26562 326.79688 361.09375 396.22266 432.05469 468.76562 506.07812 544.24219 583.12500 622.84375 663.31250 655.68359 649.82812 645.51953 642.54688 640.74219 639.94922 640.06250 640.96875 642.57812 644.80859 647.60938 650.88672 654.61719 658.75000 663.22266 668.03125 672.26172 676.65625 680.30078 684.04688 688.85547 693.80469 698.87500 704.04688 710.39453 716.87500 723.47656 730.19531 737.00000 743.89453 750.87891 757.91016 765.01562 772.19141 779.38281 2.1568344
59.4000 -46423.918 0.0000000 0.0000000 0.0000000 0.0000000 0.0000000 0.0000000 0.0000000 0.0000000 0.0000000 27.910156 56.136719 84.851562 114.09375 143.87500 173.82031 204.45703 235.49609 266.99609 299.00391 331.44531 364.28516 397.64844 431.47656 465.71484 500.48828 535.73828 571.35547 607.51172 644.07031 632.74609 623.86328 617.02734 611.93750 608.33594 606.01562 604.80078 604.55859 605.14844 606.49219 608.48047 611.03906 614.11719 617.64453 621.56641 625.84766 629.65234 633.67578 637.01953 640.48047 644.94531 649.55469 654.29688 659.15625 665.13672 671.25391 677.50781 683.87891 690.34375 696.90234 703.54688 710.26172 717.04688 723.88672 730.76172 2.1850820
59.6000 -46781.777 0.0000000 0.0000000 0.0000000 0.0000000 0.0000000 0.0000000 0.0000000 0.0000000 0.0000000 29.148438 58.468750 88.425781 118.71875 149.44922 180.63672 212.19922 244.17969 276.63672 309.58984 342.91016 376.65234 410.73438 445.35547 480.50000 515.87500 551.82812 588.08594 624.93359 662.05859 648.00781 636.85938 628.10156 621.33594 616.27734 612.67578 610.32031 609.05859 608.75000 609.26562 610.51953 612.42578 614.89844 617.88672 621.32812 625.17969 628.66406 632.39062 635.52734 638.77344 643.00000 647.39844 651.94531 656.63672 662.42578 668.39062 674.50000 680.74219 687.11719 693.58984 700.15625 706.81641 713.56250 720.36719 727.22656 2.1770792
59.8000 -46237.305 0.0000000 0.0000000 0.0000000 0.0000000 0.0000000 0.0000000 0.0000000 0.0000000 0.0000000 24.925781 50.476562 76.480469 103.12109 129.94531 157.47656 185.58984 214.14453 243.15234 272.63281 302.57422 333.14844 364.23047 395.65625 427.70312 460.30469 493.16406 526.64062 560.67188 595.17969 587.00000 580.85547 576.41016 573.39844 571.58984 570.81250 570.93359 571.82422 573.39453 575.55469 578.23438 581.37500 584.91797 588.82812 593.05078 597.57031 601.52734 605.64844 609.06250 612.55078 617.02344 621.62109 626.32812 631.12891 637.01172 642.99609 649.10156 655.28906 661.56250 667.90234 674.32031 680.78516 687.31250 693.89453 700.48828 2.1905975
60.0000 -46572.941 0.0000000 0.0000000 0.0000000 0.0000000 0.0000000 0.0000000 0.0000000 0.0000000 0.0000000 26.230469 52.906250 80.269531 108.18750 136.69141 165.69922 195.27734 225.51953 256.33203 287.58594 319.63672 352.01953 385.06250 418.64453 453.07422 487.77344 523.24219 559.03125 595.73828 632.72266 623.98047 617.22266 612.15625 608.56250 606.23828 605.01172 604.76953 605.34766 606.69531 608.69141 611.26953 614.37891 617.94531 621.91406 626.27734 630.95703 635.08594 639.40234 642.99609 646.67578 651.41016 656.28516 661.28906 666.40234 672.67188 679.08984 685.63281 692.28516 699.02734 705.86328 712.78125 719.75781 726.81641 733.91797 741.06250 2.1670611
60.2000 -46664.348 0.0000000 0.0000000 0.0000000 0.0000000 0.0000000 0.0000000 0.0000000 0.0000000 0.0000000 29.386719 59.570312 90.152344 121.25781 152.85156 185.08984 217.77344 251.03125 284.82031 319.11328 353.94922 389.37109 425.25000 461.75391 498.68359 536.12500 574.19922 612.81641 651.84766 691.47656 677.81641 667.22656 659.15234 653.11328 648.79688 645.93750 644.30859 643.73828 644.08594 645.22656 647.06641 649.52344 652.50391 655.97656 659.86328 664.12500 667.92969 671.94922 675.30469 678.76953 683.24219 687.86719 692.64062 697.52734 703.55859 709.72656 716.03125 722.44922 728.98828 735.61328 742.32422 749.11719 755.96484 762.89453 769.84375 2.1706672
60.4000 -46428.266 0.0000000 0.0000000 0.0000000 0.0000000 0.0000000 0.0000000 0.0000000 0.0000000 0.0000000 22.035156 44.886719 68.042969 92.042969 116.53125 141.78906 167.61719 194.04297 221.07812 248.89062 277.19531 306.17188 335.69141 366.01172 396.89844 428.34766 460.42188 493.18750 526.56641 560.57031 556.72266 554.12500 552.61719 552.05469 552.30078 553.28516 554.91016 557.10156 559.80078 562.94141 566.47266 570.37109 574.58203 579.08594 583.83594 588.82422 593.12891 597.57812 601.22266 604.92969 609.66016 614.50391 619.41797 624.41406 630.51172 636.70703 642.98438 649.33594 655.76562 662.25000 668.78516 675.37500 682.01172 688.68750 695.37500 2.1668050
60.6000 -46373.816 0.0000000 0.0000000 0.0000000 0.0000000 0.0000000 0.0000000 0.0000000 0.0000000 0.0000000 28.046875 56.476562 85.117188 114.08594 143.33594 172.88672 202.62891 232.78906 263.21875 293.94531 324.92969 356.11328 387.67188 419.55078 451.71875 484.12891 516.89062 549.92969 583.19141 616.77344 609.10938 603.25391 598.96484 595.99609 594.19531 593.38672 593.45312 594.28516 595.79688 597.89062 600.52734 603.63281 607.14453 611.03125 615.25000 619.77344 623.72656 627.87109 631.29297 634.79297 639.30859 643.95312 648.68750 653.53906 659.47656 665.54688 671.71094 677.98828 684.32812 690.77344 697.28125 703.84375 710.47266 717.14453 723.84766 2.2136896
60.8000 -46101.629 0.0000000 0.0000000 0.0000000 0.0000000 0.0000000 0.0000000 0.0000000 0.0000000 0.0000000 25.554688 51.402344 77.648438 104.37109 131.42578 158.81250 186.55859 214.69531 243.21875 272.21094 301.45312 331.14844 361.19141 391.71875 422.49219 453.62500 485.28906 517.27734 549.55469 582.25391 573.44141 566.68750 561.69141 558.18750 555.97656 554.87109 554.72656 555.43359 556.87500 558.97266 561.64844 564.82422 568.45312 572.47656 576.86328 581.56641 585.71484 590.03125 593.60547 597.28125 601.99609 606.83984 611.80078 616.89062 623.08984 629.44922 635.90625 642.47656 649.12891 655.86328 662.67969 669.55469 676.50000 683.48047 690.50000 2.1620574
61.0000 -46783.402 0.0000000 0.0000000 0.0000000 0.0000000 0.0000000 0.0000000 0.0000000 0.0000000 0.0000000 23.855469 48.265625 73.097656 98.609375 124.64844 151.25000 178.37500 206.08984 234.41016 263.16016 292.58594 322.50781 352.97266 384.13281 415.59375 447.80859 480.61328 513.84375 547.62500 582.04297 574.11719 568.05469 563.58984 560.49219 558.60156 557.74219 557.80859 558.66016 560.23047 562.42188 565.15625 568.38672 572.05469 576.12109 580.53516 585.25000 589.39844 593.72266 597.30469 600.98047 605.70703 610.55859 615.52344 620.60547 626.81250 633.16406 639.62891 646.19922 652.86719 659.60938 666.44141 673.32031 680.26172 687.26172 694.29297 2.1657958
61.2000 -46646.750 0.0000000 0.0000000 0.0000000 0.0000000 0.0000000 0.0000000 0.0000000 0.0000000 0.0000000 25.011719 50.425781 76.304688 102.58984 129.26172 156.47266 184.08203 212.16016 240.58984 269.48047 298.84375 328.60938 358.83594 389.44141 420.62891 452.16016 484.10156 516.51562 549.35547 582.63281 577.04688 573.02344 570.33594 568.78125 568.21484 568.51172 569.56250 571.27734 573.55469 576.35156 579.61328 583.26953 587.28516 591.62891 596.24219 601.12109 605.36719 609.75000 613.35938 617.03906 621.75391 626.55859 631.46875 636.46094 642.55859 648.76953 655.07812 661.45703 667.90234 674.42969 681.00391 687.64844 694.33203 701.05078 707.79688 2.1798787
61.4000 -46517.254 0.0000000 0.0000000 0.0000000 0.0000000 0.0000000 0.0000000 0.0000000 0.0000000 0.0000000 27.183594 54.835938 82.820312 111.33594 140.14453 169.36719 198.96875 229.11328 259.51562 290.46875 321.68359 353.34766 385.49219 418.02734 450.92578 484.21484 517.92188 552.00781 586.52344 621.50000 614.46484 609.21094 605.48828 603.08594 601.84766 601.60547 602.23828 603.63281 605.71094 608.38672 611.60156 615.26953 619.37500 623.84766 628.64844 633.75781 638.21484 642.83984 646.65625 650.57031 655.57422 660.69922 665.93750 671.28516 677.81250 684.46484 691.23438 698.09766 705.05078 712.07812 719.17188 726.33203 733.55078 740.81641 748.10156 2.1786945
61.6000 -46670.223 0.0000000 0.0000000 0.0000000 0.0000000 0.0000000 0.0000000 0.0000000 0.0000000 0.0000000 28.234375 56.804688 85.636719 114.98828 144.62109 174.67578 205.14062 235.95703 267.15234 298.79688 330.70312 363.01562 395.77344 428.91406 462.42578 496.30078 530.53516 565.26562 600.25391 635.63672 622.58594 612.48438 604.80859 599.14453 595.17188 592.61719 591.28906 590.99609 591.61328 593.00781 595.08594 597.76953 600.98047 604.65234 608.73438 613.17578 617.13281 621.29688 624.76562 628.32812 632.93359 637.69922 642.58984 647.59766 653.74609 660.04297 666.46484 673.01172 679.64453 686.38281 693.19922 700.07812 707.01953 714.03516 721.08203 2.1965222
61.8000 -46615.855 0.0000000 0.0000000 0.0000000 0.0000000 0.0000000 0.0000000 0.0000000 0.0000000 0.0000000 27.003906 54.664062 83.050781 112.08203 141.87891 172.34766 203.58203 235.51953 268.07422 301.32422 335.33203 369.92969 405.36328 441.37891 478.14844 515.66406 553.70703 592.60156 632.14062 672.39062 664.75781 658.99219 654.79297 651.94141 650.21875 649.49609 649.62109 650.50000 652.02734 654.12891 656.73828 659.80469 663.27734 667.09766 671.22266 675.65234 679.51562 683.55469 686.89062 690.30469 694.69922 699.20312 703.81250 708.53125 714.29688 720.18359 726.16016 732.23828 738.40234 744.62891 750.92969 757.28906 763.69922 770.17578 776.65234 2.1700940
62.0000 -46600.785 0.0000000 0.0000000 0.0000000 0.0000000 0.0000000 0.0000000 0.0000000 0.0000000 0.0000000 25.042969 50.566406 76.449219 103.01562 130.12500 157.68359 185.75000 214.34766 243.59766 273.29688 303.50000 334.32812 365.53125 397.33203 429.73828 462.58203 496.02344 529.83984 564.38672 599.34375 593.28516 589.07031 586.39062 584.98828 584.69141 585.30859 586.73047 588.85156 591.57812 594.83203 598.54297 602.67188 607.17188 611.98047 617.09375 622.44141 627.07812 631.86719 635.78516 639.78516 644.88281 650.08984 655.37891 660.75781 667.31641 673.96875 680.72656 687.56250 694.44922 701.41016 708.43359 715.50000 722.61328 729.76562 736.93359 2.1540461
62.2000 -47065.723 0.0000000 0.0000000 0.0000000 0.0000000 0.0000000 0.0000000 0.0000000 0.0000000 0.0000000 26.843750 54.210938 81.949219 110.10156 138.68359 167.82422 197.19141 227.20312 257.49219 288.31250 319.54688 351.12500 383.26172 415.69531 448.55078 481.99609 515.76562 549.94531 584.61719 619.65625 607.60156 598.17188 590.92188 585.50000 581.63281 579.09766 577.71094 577.32422 577.80078 579.03906 580.94922 583.44531 586.46484 589.95703 593.86719 598.13672 601.94531 605.96875 609.32031 612.78516 617.25781 621.89062 626.66016 631.55469 637.57031 643.74219 650.04688 656.46875 663.00000 669.62109 676.33203 683.12109 689.98438 696.91016 703.86328 2.1515620
62.4000 -46848.449 0.0000000 0.0000000 0.0000000 0.0000000 0.0000000 0.0000000 0.0000000 0.0000000 0.0000000 28.121094 56.910156 86.039062 115.86328 146.07422 176.90625 208.19531 240.07031 272.46484 305.23438 338.73438 372.62109 407.01172 442.03906 477.60156 513.74219 550.33594 587.30078 625.07031 663.20312 656.46094 651.41016 647.84375 645.52344 644.31250 644.05859 644.64453 645.96484 647.94922 650.52344 653.58594 657.12109 661.06250 665.36719 670.00000 674.91406 679.20703 683.67969 687.36328 691.12891 695.97266 700.92969 705.98438 711.16016 717.47656 723.91406 730.46484 737.10547 743.83984 750.64062 757.52344 764.45703 771.45312 778.50000 785.57031 2.1507909
62.6000 -46323.691 0.0000000 0.0000000 0.0000000 0.0000000 0.0000000 0.0000000 0.0000000 0.0000000 0.0000000 26.562500 53.761719 81.507812 109.94531 138.95703 168.53125 198.76562 229.68750 261.20703 293.23828 326.00391 359.25391 393.30859 427.83203 463.01562 498.86719 535.29688 572.25000 609.87500 648.14844 640.38281 634.44922 630.07812 627.07031 625.26172 624.48438 624.62500 625.57812 627.23047 629.52344 632.37891 635.72266 639.53125 643.71484 648.26562 653.14453 657.41797 661.86719 665.55078 669.33594 674.19141 679.18359 684.29688 689.51953 695.92578 702.45703 709.10547 715.84766 722.69141 729.63281 736.64844 743.71875 750.85156 758.04688 765.26562 2.1762733
62.8000 -46129.488 0.0000000 0.0000000 0.0000000 0.0000000 0.0000000 0.0000000 0.0000000 0.0000000 0.0000000 24.777344 50.113281 75.925781 102.42578 129.58984 157.21484 185.46484 214.42188 243.80078 273.85156 304.47266 335.73438 367.50781 400.01953 433.01562 466.57812 500.62891 535.42188 570.71875 606.70703 594.51172 585.10547 577.97266 572.74609 569.13281 566.88281 565.79297 565.71875 566.51172 568.06641 570.29297 573.08984 576.41406 580.18750 584.37109 588.91016 592.94141 597.16797 600.68750 604.32031 609.00000 613.82422 618.77734 623.84375 630.08984 636.45703 642.95703 649.56641 656.28125 663.08594 669.98047 676.93359 683.95312 691.05078 698.16016 2.1849120
63.0000 -46734.969 0.0000000 0.0000000 0.0000000 0.0000000 0.0000000 0.0000000 0.0000000 0.0000000 0.0000000 28.589844 57.812500 87.531250 117.77734 148.64453 179.95703 211.81641 244.28906 277.23828 310.77734 344.82422 379.50000 414.62500 450.45312 486.70703 523.58203 560.88281 598.76953 637.27344 676.25391 668.95312 663.43750 659.45312 656.79297 655.28125 654.78125 655.14453 656.30859 658.13281 660.57422 663.56641 667.02734 670.92188 675.19922 679.83594 684.77344 689.09375 693.59766 697.32812 701.14062 706.04297 711.06641 716.21875 721.47656 727.91016 734.48047 741.16016 747.95312 754.83594 761.80859 768.84375 775.96484 783.13672 790.36328 797.61719 2.1651900
63.2000 -46919.379 0.0000000 0.0000000 0.0000000 0.0000000 0.0000000 0.0000000 0.0000000 0.0000000 0.0000000 23.125000 46.976562 71.554688 96.746094 122.69531 149.41016 176.71875 204.80859 233.50391 263.01562 293.08984 324.08984 355.43750 387.86328 420.70312 454.42188 488.71094 523.94922 559.61328 596.10547 582.69141 572.26172 564.26562 558.25781 553.93359 551.03906 549.35938 548.71875 548.98438 550.03516 551.78125 554.11719 556.99219 560.35547 564.12500 568.26562 571.98438 575.89844 579.18359 582.57812 586.95312 591.49609 596.16016 600.96484 606.86719 612.92969 619.12500 625.44141 631.85938 638.37500 644.97656 651.66016 658.40625 665.22656 672.07031 2.1633499
63.4000 -46911.141 0.0000000 0.0000000 0.0000000 0.0000000 0.0000000 0.0000000 0.0000000 0.0000000 0.0000000 29.457031 59.363281 89.738281 120.50000 151.67188 183.28125 215.27734 247.58984 280.52344 313.81641 347.50781 381.62891 416.19922 451.17969 486.57812 522.37500 558.51953 595.25000 632.31641 669.83984 662.75000 657.46875 653.69922 651.22266 649.88281 649.49219 649.95703 651.15625 653.00000 655.40234 658.30859 661.67188 665.41016 669.51172 673.91406 678.60156 682.70703 686.95312 690.46875 694.06250 698.66797 703.38281 708.20703 713.12891 719.14062 725.26562 731.50000 737.82422 744.22266 750.69531 757.23438 763.83594 770.48438 777.17969 783.89453 2.1686804
63.6000 -46884.742 0.0000000 0.0000000 0.0000000 0.0000000 0.0000000 0.0000000 0.0000000 0.0000000 0.0000000 23.496094 47.394531 71.941406 97.066406 122.67188 148.73438 175.45703 202.63281 230.28906 258.41016 287.20703 316.49609 346.37109 376.69531 407.50391 439.01953 470.94141 503.27734 536.31250 569.78906 563.45703 558.85938 555.73047 553.85156 553.07031 553.21094 554.18359 555.87500 558.19531 561.08203 564.46484 568.27344 572.48828 577.04688 581.91016 587.05859 591.55859 596.19141 600.02344 603.93359 608.92969 614.03516 619.26562 624.58594 631.08594 637.69141 644.40625 651.21484 658.09766 665.06250 672.09375 679.18359 686.32812 693.51172 700.72266 2.1588588
63.8000 -46768.496 0.0000000 0.0000000 0.0000000 0.0000000 0.0000000 0.0000000 0.0000000 0.0000000 0.0000000 26.562500 53.718750 81.457031 109.64453 138.61719 168.00781 198.11719 228.68359 259.86328 291.58984 323.85938 356.73047 390.16797 424.28516 458.86719 494.00000 529.84375 566.10156 603.03906 640.43359 634.14453 629.41016 626.05859 623.85547 622.70703 622.44531 622.99609 624.22266 626.08984 628.52344 631.42578 634.76953 638.51172 642.61719 647.01953 651.71094 655.82422 660.08984 663.60547 667.20703 671.84375 676.57812 681.42969 686.37500 692.43359 698.60938 704.88672 711.26953 717.71875 724.26562 730.85938 737.52734 744.24609 751.01953 757.81641 2.1668591
64.0000 -46385.660 0.0000000 0.0000000 0.0000000 0.0000000 0.0000000 0.0000000 0.0000000 0.0000000 0.0000000 25.488281 51.496094 78.089844 105.41406 133.01172 161.53906 190.30859 219.89453 249.99609 280.78906 311.94141 343.76953 376.27344 409.35156 443.07812 477.23047 512.06641 547.45312 583.39062 619.98438 613.06250 608.02734 604.55859 602.42969 601.41406 601.37109 602.14844 603.65625 605.80078 608.49609 611.66406 615.25781 619.23828 623.53906 628.15234 633.00781 637.25000 641.63672 645.23438 648.92969 653.63672 658.44531 663.36719 668.36719 674.46484 680.67578 686.98828 693.36719 699.82812 706.34766 712.93359 719.56641 726.25000 732.96875 739.71094 2.1738472
64.2000 -47063.422 0.0000000 0.0000000 0.0000000 0.0000000 0.0000000 0.0000000 0.0000000 0.0000000 0.0000000 32.027344 64.597656 97.593750 131.12891 165.22656 199.73828 234.84375 270.38281 306.37891 342.87500 379.85156 417.47656 455.45703 493.96094 532.86719 572.36328 612.47656 652.97266 693.91016 735.42969 725.56641 717.89062 712.05469 707.80859 704.91797 703.19531 702.51562 702.73047 703.73047 705.41406 707.72656 710.57031 713.90625 717.68359 721.83203 726.32422 730.32031 734.49609 737.96484 741.55859 746.17188 750.92969 755.81641 760.81641 766.96875 773.26562 779.67969 786.21094 792.84766 799.57422 806.38281 813.26172 820.21484 827.21875 834.26562 2.1581774
64.4000 -46755.547 0.0000000 0.0000000 0.0000000 0.0000000 0.0000000 0.0000000 0.0000000 0.0000000 0.0000000 27.828125 56.093750 84.976562 114.36719 144.41016 174.73438 205.88281 237.38672 269.45703 302.15234 335.35938 369.01562 403.23438 438.04688 473.42188 509.29688 545.68750 582.53516 620.05078 658.09375 649.59375 643.05078 638.19531 634.77344 632.60938 631.51562 631.37109 632.04688 633.46094 635.50781 638.13281 641.25000 644.82031 648.78906 653.12891 657.77344 661.86719 666.14453 669.68750 673.32812 677.99609 682.80469 687.72656 692.76953 698.94922 705.26172 711.68750 718.21094 724.83984 731.55078 738.33594 745.18750 752.09766 759.06641 766.06641 2.1474433
64.6000 -46489.316 0.0000000 0.0000000 0.0000000 0.0000000 0.0000000 0.0000000 0.0000000 0.0000000 0.0000000 25.238281 50.996094 77.308594 103.96094 131.23828 158.85547 187.02734 215.78125 244.85547 274.45703 304.55859 335.08984 366.07031 397.54297 429.61719 462.06250 494.99609 528.41016 562.39062 596.76562 589.26953 583.57812 579.48047 576.75000 575.20703 574.70703 575.12109 576.34375 578.28516 580.85938 583.98438 587.62500 591.69141 596.17188 601.01172 606.16797 610.69141 615.38672 619.26953 623.26172 628.36719 633.60938 638.97266 644.44531 651.15625 657.99609 664.95312 672.01562 679.18750 686.42969 693.75000 701.15234 708.60938 716.11328 723.66016 2.1417627
64.8000 -46503.348 0.0000000 0.0000000 0.0000000 0.0000000 0.0000000 0.0000000 0.0000000 0.0000000 0.0000000 30.445312 61.468750 92.832031 124.91016 157.29297 190.17969 223.75000 257.67188 292.12109 327.12500 362.65625 398.65625 435.17188 472.19141 509.78906 547.80859 586.31641 625.39062 664.96875 705.02344 693.03906 683.63281 676.39844 670.97266 667.11328 664.55859 663.16016 662.73828 663.18359 664.37500 666.22656 668.66406 671.60938 675.00781 678.82031 682.98828 686.71094 690.61719 693.89062 697.27344 701.63281 706.14453 710.77734 715.54688 721.40625 727.41406 733.54297 739.78906 746.13672 752.57031 759.09375 765.69141 772.34375 779.06641 785.82422 2.1876297
65.0000 -46885.020 0.0000000 0.0000000 0.0000000 0.0000000 0.0000000 0.0000000 0.0000000 0.0000000 0.0000000 26.121094 52.992188 80.574219 108.83594 137.69922 167.30469 197.64062 228.66797 260.28516 292.76953 325.73828 359.48047 393.95703 429.04297 464.78125 501.35938 538.67188 576.51562 615.00000 654.32422 646.71875 640.96875 636.82031 634.02734 632.43750 631.86328 632.19531 633.30469 635.12500 637.53906 640.50781 643.94141 647.80859 652.05859 656.64453 661.52734 665.81250 670.26953 673.92969 677.69531 682.52344 687.48047 692.54688 697.72656 704.04297 710.48828 717.05078 723.69531 730.44922 737.26953 744.16406 751.10938 758.11719 765.17969 772.26172 2.1650872
65.2000 -46728.188 0.0000000 0.0000000 0.0000000 0.0000000 0.0000000 0.0000000 0.0000000 0.0000000 0.0000000 27.472656 55.246094 83.476562 112.09375 141.26953 170.65625 200.51562 230.79688 261.43750 292.56641 324.02734 355.98438 388.24219 420.92969 454.02734 487.50391 521.44922 555.72266 590.36719 625.51953 612.36719 601.99219 593.94141 587.80859 583.33203 580.25781 578.38281 577.57031 577.66016 578.56641 580.16016 582.38281 585.14062 588.39062 592.07812 596.14453 599.81250 603.69531 606.92578 610.29688 614.64844 619.16406 623.82812 628.62891 634.53906 640.59375 646.79297 653.11719 659.57031 666.11328 672.76172 679.47656 686.26953 693.12891 700.03516 2.1643844
65.4000 -46570.605 0.0000000 0.0000000 0.0000000 0.0000000 0.0000000 0.0000000 0.0000000 0.0000000 0.0000000 26.570312 53.562500 80.906250 108.74219 137.13672 165.98438 195.26562 224.94531 255.33594 285.98438 317.04688 348.77734 380.94531 413.48438 446.42578 479.91406 514.01172 548.48828 583.46875 618.80469 611.10156 605.25000 600.98047 598.03906 596.27344 595.49609 595.60938 596.48438 598.02344 600.15625 602.82422 605.94141 609.46875 613.36328 617.60156 622.11328 626.08203 630.20312 633.62109 637.12500 641.61719 646.22656 650.94922 655.77734 661.67969 667.70312 673.83203 680.06641 686.36328 692.75000 699.19531 705.71484 712.28906 718.90625 725.54297 2.1675980
65.6000 -46634.680 0.0000000 0.0000000 0.0000000 0.0000000 0.0000000 0.0000000 0.0000000 0.0000000 0.0000000 26.351562 53.238281 80.515625 108.26953 136.32031 164.81250 193.85156 223.31641 253.12500 283.38281 314.08594 345.28906 376.88281 408.98438 441.39062 474.19531 507.45312 541.23828 575.30469 609.97656 604.31641 600.28906 597.61719 596.11328 595.63281 596.02734 597.16406 598.98438 601.37891 604.29688 607.67188 611.43750 615.57031 620.01562 624.75391 629.73438 634.08594 638.55078 642.23438 645.98047 650.78125 655.67969 660.67188 665.75000 671.94922 678.25391 684.64453 691.12500 697.66406 704.28906 710.95312 717.67969 724.45312 731.26172 738.09766 2.1590486
65.8000 -46810.359 0.0000000 0.0000000 0.0000000 0.0000000 0.0000000 0.0000000 0.0000000 0.0000000 0.0000000 29.078125 58.589844 88.792969 119.45703 150.77734 182.53906 214.87109 247.89844 281.41016 315.44531 350.03125 385.23438 420.96484 457.17188 494.16016 531.52344 569.42578 607.89844 647.07422 686.72266 678.92578 672.87500 668.35938 665.16016 663.09766 662.06250 661.91797 662.54297 663.88281 665.83203 668.33594 671.32422 674.76172 678.58203 682.76172 687.25391 691.21484 695.36719 698.79688 702.33203 706.87109 711.55469 716.34766 721.25781 727.28516 733.44531 739.71094 746.10938 752.60156 759.15234 765.80859 772.52734 779.30469 786.13672 793.00391 2.1545243
66.0000 -46635.480 0.0000000 0.0000000 0.0000000 0.0000000 0.0000000 0.0000000 0.0000000 0.0000000 0.0000000 24.300781 49.164062 74.734375 100.79688 127.34375 154.45312 182.22656 210.51562 239.30078 268.68750 298.71484 329.18359 360.28906 391.90625 424.13672 456.91406 490.25391 524.15234 558.53906 593.54297 588.05469 584.10547 581.48438 580.01562 579.55469 579.93359 581.08594 582.89453 585.30078 588.21484 591.60156 595.39062 599.53125 604.01562 608.78125 613.80469 618.16797 622.68750 626.39062 630.17969 635.01562 639.96094 645.00000 650.13281 656.39062 662.77344 669.23047 675.76562 682.39062 689.08203 695.83203 702.63672 709.47266 716.36719 723.27734 2.1723051
66.2000 -46382.355 0.0000000 0.0000000 0.0000000 0.0000000 0.0000000 0.0000000 0.0000000 0.0000000 0.0000000 26.656250 53.902344 81.730469 110.08594 139.03906 168.58594 198.71094 229.46484 260.74219 292.56250 324.97656 358.00000 391.66016 425.74609 460.44531 495.83594 531.79297 568.19141 605.26953 642.91016 638.27734 634.99609 632.87500 631.78125 631.58594 632.16797 633.43750 635.31641 637.74219 640.64453 643.98828 647.71875 651.79688 656.17188 660.82812 665.73828 669.99219 674.38672 678.00781 681.70703 686.42969 691.26562 696.18359 701.19531 707.31641 713.54688 719.85938 726.25781 732.73438 739.28516 745.89062 752.55469 759.26172 766.01172 772.78516 2.1784422
66.4000 -46661.098 0.0000000 0.0000000 0.0000000 0.0000000 0.0000000 0.0000000 0.0000000 0.0000000 0.0000000 27.500000 55.699219 84.304688 113.50781 143.23438 173.55469 204.52344 235.95312 267.94922 300.53125 333.66797 367.37109 401.62109 436.55078 471.85156 507.78516 544.17188 581.41016 618.89453 657.07422 648.12109 641.14844 635.88281 632.10547 629.58984 628.19141 627.78125 628.23828 629.42578 631.30469 633.76953 636.76953 640.23828 644.12500 648.39062 652.99219 657.05859 661.31641 664.85156 668.49219 673.17969 677.99609 682.94922 688.02344 694.23828 700.60938 707.09766 713.69922 720.40234 727.19531 734.06641 741.00781 748.00391 755.08203 762.18359 2.1614745
66.6000 -46426.797 0.0000000 0.0000000 0.0000000 0.0000000 0.0000000 0.0000000 0.0000000 0.0000000 0.0000000 24.671875 49.773438 75.277344 101.39844 128.10547 155.24609 183.06641 211.21094 240.01172 269.46875 299.19922 329.62109 360.48047 391.99609 423.92969 456.38281 489.47266 523.03906 557.14062 591.68359 585.66406 581.25781 578.25000 576.42969 575.67578 575.82812 576.78125 578.43750 580.72656 583.55859 586.87500 590.64453 594.77344 599.26172 604.07031 609.14062 613.55469 618.12891 621.90234 625.75000 630.66406 635.71094 640.84375 646.08594 652.48047 658.98438 665.60156 672.29688 679.08203 685.93359 692.84766 699.82422 706.85547 713.91406 721.01562 2.1768682
66.8000 -46506.719 0.0000000 0.0000000 0.0000000 0.0000000 0.0000000 0.0000000 0.0000000 0.0000000 0.0000000 25.085938 50.718750 76.757812 103.37891 130.28906 157.85156 185.67969 214.10938 243.04297 272.29297 302.07031 332.20703 362.94141 394.13672 425.80078 457.93750 490.48438 523.50000 557.03125 590.97656 582.26172 575.50391 570.43750 566.81641 564.46094 563.20703 562.92969 563.49609 564.81250 566.79297 569.35547 572.44531 576.00391 579.97266 584.33203 589.01562 593.14453 597.46875 601.04688 604.73438 609.47656 614.35547 619.35547 624.48047 630.76953 637.20703 643.75000 650.41406 657.16406 664.01562 670.94141 677.94922 685.01562 692.14062 699.29297 2.1666656
67.0000 -46936.332 0.0000000 0.0000000 0.0000000 0.0000000 0.0000000 0.0000000 0.0000000 0.0000000 0.0000000 26.593750 53.781250 81.464844 109.76562 138.57422 167.98047 197.92969 228.41016 259.67188 291.25391 323.53906 356.24219 389.58984 423.53125 458.01172 493.12500 528.82812 564.86719 601.61328 638.93359 630.16406 623.46484 618.51562 615.03125 612.82031 611.69141 611.53906 612.17969 613.56250 615.56641 618.13672 621.20703 624.69531 628.59766 632.84375 637.39844 641.39453 645.57812 649.03516 652.59375 657.16406 661.85156 666.65625 671.57031 677.58594 683.72656 689.98047 696.33594 702.77344 709.29297 715.88672 722.54688 729.25781 736.01953 742.81250 2.1612556
67.2000 -46322.996 0.0000000 0.0000000 0.0000000 0.0000000 0.0000000 0.0000000 0.0000000 0.0000000 0.0000000 24.910156 50.226562 76.105469 102.37500 129.34375 156.66797 184.46094 212.78516 241.68750 271.03516 300.90234 331.22656 362.05469 393.47656 425.28125 457.61328 490.39453 523.71484 557.58203 591.82812 586.48438 582.71094 580.28125 579.00781 578.75000 579.36719 580.77344 582.85156 585.52344 588.73438 592.41016 596.50391 600.98438 605.78516 610.89062 616.25391 620.91797 625.72266 629.67188 633.68750 638.84375 644.07812 649.43750 654.87109 661.50781 668.25391 675.08594 682.01562 689.02344 696.09375 703.22656 710.41016 717.64453 724.91797 732.21875 2.1988280
67.4000 -46484.387 0.0000000 0.0000000 0.0000000 0.0000000 0.0000000 0.0000000 0.0000000 0.0000000 0.0000000 30.832031 62.296875 94.332031 127.04297 160.13672 194.02734 228.44922 263.39844 298.99609 335.19922 371.93750 409.28906 447.17188 485.73438 524.83594 564.54297 604.76172 645.71094 687.17188 729.20703 721.34375 715.42578 711.15234 708.28125 706.59766 705.94141 706.19141 707.21484 708.92578 711.23828 714.07812 717.38672 721.11719 725.21875 729.64844 734.37109 738.50781 742.82422 746.37500 750.02344 754.69922 759.49219 764.40234 769.40234 775.53125 781.77344 788.13672 794.58594 801.12109 807.73828 814.40625 821.16016 827.94531 834.79297 841.66406 2.1894283
67.6000 -46451.367 0.0000000 0.0000000 0.0000000 0.0000000 0.0000000 0.0000000 0.0000000 0.0000000 0.0000000 26.261719 53.128906 80.460938 108.35547 136.93750 166.01953 195.60547 225.86719 256.57031 287.80078 319.81250 352.27734 385.30078 418.94141 453.07422 487.69922 522.98828 558.80469 595.35547 632.25391 617.39453 605.66406 596.53516 589.53516 584.36719 580.73828 578.41797 577.23828 577.02344 577.66406 579.04297 581.09375 583.69141 586.80469 590.34375 594.30078 597.85547 601.63672 604.80469 608.08984 612.35547 616.76953 621.32812 626.01562 631.80078 637.73047 643.80078 649.99609 656.29297 662.68359 669.16016 675.72656 682.35938 689.05078 695.77344 2.2089899
67.8000 -46789.590 0.0000000 0.0000000 0.0000000 0.0000000 0.0000000 0.0000000 0.0000000 0.0000000 0.0000000 27.367188 55.253906 83.460938 112.12500 141.10938 170.60547 200.40625 230.64062 261.23828 292.17969 323.69531 355.53516 387.75781 420.41797 453.41797 486.80469 520.53906 554.83203 589.45312 624.40234 614.62891 606.98828 601.14844 596.85547 593.91016 592.11328 591.30859 591.38672 592.23438 593.76172 595.88672 598.54688 601.67969 605.22266 609.14453 613.40625 617.18359 621.15625 624.45703 627.85938 632.25000 636.76953 641.42969 646.18359 652.06250 658.05859 664.18359 670.41016 676.73828 683.15625 689.66016 696.22656 702.86328 709.55469 716.28516 2.1455207
68.0000 -46663.027 0.0000000 0.0000000 0.0000000 0.0000000 0.0000000 0.0000000 0.0000000 0.0000000 0.0000000 24.437500 49.593750 75.289062 101.57422 128.40234 155.82812 183.84375 212.42188 241.58984 271.26953 301.66797 332.49609 364.11719 396.09766 428.70312 461.98828 495.83203 530.08984 565.19141 600.64844 594.18750 589.34375 585.86719 583.60938 582.38281 582.08984 582.59375 583.80469 585.64844 588.05078 590.94922 594.29688 598.03516 602.12891 606.54688 611.23828 615.35156 619.62500 623.15625 626.77734 631.41797 636.17188 641.04688 646.00000 652.08984 658.29297 664.60938 671.01172 677.50000 684.07812 690.71094 697.42188 704.17969 710.99219 717.83594 2.1750963
68.2000 -46619.270 0.0000000 0.0000000 0.0000000 0.0000000 0.0000000 0.0000000 0.0000000 0.0000000 0.0000000 23.421875 47.398438 71.746094 96.476562 121.89453 147.71875 173.96875 200.70312 227.84766 255.57031 283.64453 312.32422 341.37891 370.95312 401.07812 431.60156 462.53516 493.99609 525.92578 558.31250 549.33203 542.44531 537.32812 533.71875 531.37500 530.14062 529.86719 530.41406 531.69531 533.60547 536.08594 539.07031 542.48047 546.28516 550.43750 554.90234 558.83594 562.94922 566.35547 569.84766 574.35156 578.96094 583.70312 588.54688 594.48828 600.54297 606.72656 613.00000 619.36719 625.82031 632.34375 638.91016 645.55078 652.25000 658.96875 2.1768315
68.4000 -46880.801 0.0000000 0.0000000 0.0000000 0.0000000 0.0000000 0.0000000 0.0000000 0.0000000 0.0000000 27.664062 55.757812 84.234375 113.30859 142.73047 172.57422 203.06641 233.85547 265.15234 296.98828 329.03516 361.73047 394.91406 428.55078 462.48438 497.07031 531.96094 567.35547 603.17578 639.53516 632.04297 626.44531 622.44141 619.79688 618.31641 617.85938 618.26953 619.45312 621.30859 623.76172 626.73438 630.16797 634.02734 638.23047 642.76562 647.59375 651.82031 656.21094 659.83203 663.54688 668.29688 673.18750 678.16406 683.24219 689.45703 695.80078 702.23828 708.76562 715.39453 722.08594 728.85547 735.67969 742.55469 749.48047 756.42969 2.1574380
68.6000 -46871.742 0.0000000 0.0000000 0.0000000 0.0000000 0.0000000 0.0000000 0.0000000 0.0000000 0.0000000 28.835938 57.968750 87.574219 117.44141 147.78516 178.55078 209.73438 241.27344 273.19141 305.67188 338.47266 371.57031 405.21484 439.11719 473.53906 508.32422 543.57812 579.11719 615.14062 651.48047 644.01172 638.46484 634.53516 631.99609 630.62891 630.30859 630.87109 632.20703 634.23438 636.86328 640.01172 643.63672 647.67578 652.09766 656.84766 661.87891 666.27734 670.84766 674.62500 678.47656 683.41797 688.48438 693.65625 698.92578 705.37891 711.94531 718.62109 725.39062 732.23828 739.18750 746.17578 753.24609 760.35156 767.53516 774.71484 2.1418166
68.8000 -47029.551 0.0000000 0.0000000 0.0000000 0.0000000 0.0000000 0.0000000 0.0000000 0.0000000 0.0000000 26.468750 53.273438 80.437500 107.93750 135.73047 163.95312 192.47266 221.39453 250.45703 280.02734 310.07031 340.23828 370.94141 401.79688 433.10547 464.75000 496.74219 528.98047 561.66016 594.70703 586.21094 579.80078 575.12500 571.92969 570.00000 569.16406 569.24219 570.14453 571.75000 573.98438 576.76953 580.03125 583.73438 587.81250 592.23438 596.95703 601.09766 605.40625 608.96875 612.61719 617.31250 622.12500 627.05469 632.07422 638.22656 644.50781 650.89062 657.36719 663.93750 670.58203 677.29688 684.07031 690.89844 697.78125 704.68359 2.1515853
69.0000 -46851.566 0.0000000 0.0000000 0.0000000 0.0000000 0.0000000 0.0000000 0.0000000 0.0000000 0.0000000 27.574219 55.667969 84.335938 113.35938 142.89844 173.12891 203.71875 234.80859 266.42578 298.60938 331.23047 364.40625 397.90234 432.04688 466.60547 501.71094 537.42969 573.55469 610.21875 647.31641 640.26562 634.92578 631.05469 628.48047 627.03516 626.58594 626.99609 628.17578 630.01562 632.48047 635.48047 638.94531 642.83594 647.11328 651.73047 656.66406 660.98047 665.47656 669.18750 672.99609 677.87109 682.87891 688.00391 693.23828 699.65234 706.18750 712.83594 719.59766 726.44531 733.36719 740.37109 747.44141 754.57812 761.74609 768.96484 2.1447170
69.2000 -47068.848 0.0000000 0.0000000 0.0000000 0.0000000 0.0000000 0.0000000 0.0000000 0.0000000 0.0000000 25.949219 52.453125 79.496094 107.17578 135.55859 164.48438 194.12500 224.40625 255.24219 286.73438 318.81250 351.51172 384.88281 418.89453 453.45703 488.73828 524.61328 561.04688 598.20312 635.85547 624.18750 615.11719 608.17188 603.03906 599.44531 597.15234 595.97656 595.78125 596.41797 597.78906 599.80078 602.38281 605.45703 608.97656 612.87891 617.13281 620.91016 624.87109 628.17578 631.57422 635.97656 640.50391 645.16406 649.93750 655.80859 661.80078 667.92578 674.14844 680.45703 686.86719 693.35156 699.90625 706.51562 713.19141 719.88281 2.1702099
69.4000 -46301.797 0.0000000 0.0000000 0.0000000 0.0000000 0.0000000 0.0000000 0.0000000 0.0000000 0.0000000 25.488281 51.265625 77.464844 103.85938 130.70703 157.89844 185.31641 213.27344 241.55078 270.25391 299.14844 328.35156 357.97656 388.10547 418.39062 449.08594 480.16797 511.64844 543.35938 575.43359 564.54297 556.14453 549.76953 545.12500 541.92578 539.95703 539.04688 539.05078 539.85547 541.35938 543.46875 546.10938 549.24609 552.77734 556.69531 560.94531 564.72656 568.67969 571.96094 575.35938 579.72656 584.23828 588.86328 593.61328 599.44922 605.41016 611.48438 617.67969 623.96094 630.33594 636.78516 643.30859 649.87891 656.51953 663.19141 2.1930594
69.6000 -46252.953 0.0000000 0.0000000 0.0000000 0.0000000 0.0000000 0.0000000 0.0000000 0.0000000 0.0000000 26.890625 54.472656 82.769531 111.60547 141.23828 171.41406 202.31641 233.85156 266.15625 299.12500 332.67188 366.87500 401.82812 437.40234 473.67969 510.52344 548.14453 586.37500 625.27344 664.83203 653.00000 643.81250 636.81641 631.66797 628.05859 625.75781 624.59375 624.41016 625.08984 626.50391 628.56250 631.21484 634.36328 637.97656 641.98828 646.35547 650.24609 654.33984 657.73828 661.25391 665.80078 670.47266 675.28125 680.22656 686.29297 692.51172 698.85156 705.31250 711.87500 718.53516 725.26172 732.08594 738.96875 745.90234 752.87891 2.1855683
69.8000 -46672.727 0.0000000 0.0000000 0.0000000 0.0000000 0.0000000 0.0000000 0.0000000 0.0000000 0.0000000 25.742188 51.738281 78.039062 104.62109 131.52344 158.72266 186.24609 214.08203 242.16406 270.56641 299.33203 328.25391 357.59766 387.22656 417.11719 447.34766 477.93359 508.76953 539.87500 571.27344 561.72656 554.47266 549.14844 545.45703 543.15234 542.03516 541.96094 542.78125 544.38281 546.67578 549.57031 553.00391 556.91406 561.23438 565.93359 570.95703 575.37891 579.98438 583.78516 587.69531 592.71094 597.87109 603.14844 608.52344 615.11719 621.84766 628.69531 635.63672 642.69531 649.82422 657.01953 664.30078 671.62891 679.01172 686.42969 2.1852629
70.0000 -47024.789 0.0000000 0.0000000 0.0000000 0.0000000 0.0000000 0.0000000 0.0000000 0.0000000 0.0000000 29.199219 59.132812 89.429688 120.37109 151.71875 183.57812 216.03516 248.95312 282.38281 316.30859 350.83594 385.80078 421.32422 457.40234 494.03906 531.13672 568.74219 606.80469 645.49219 684.66797 675.82031 669.05469 664.04297 660.53516 658.33203 657.25781 657.16797 657.93750 659.45703 661.63281 664.40234 667.68359 671.43750 675.58594 680.09766 684.94141 689.19922 693.64062 697.31250 701.08203 705.92578 710.90234 715.99609 721.20312 727.57812 734.09375 740.71094 747.44141 754.26562 761.17578 768.15234 775.19531 782.30078 789.46094 796.64844 2.1441605
70.2000 -46773.332 0.0000000 0.0000000 0.0000000 0.0000000 0.0000000 0.0000000 0.0000000 0.0000000 0.0000000 28.273438 57.101562 86.511719 116.28516 146.93359 177.92578 209.44531 241.78125 274.53125 307.77734 341.61719 376.03516 410.98047 446.64453 482.73828 519.44922 556.59375 594.45312 632.73438 671.66406 663.41406 657.23047 652.76172 649.78125 648.06641 647.43359 647.76562 648.90234 650.77344 653.28906 656.35547 659.92969 663.93750 668.37109 673.13672 678.21094 682.67188 687.29688 691.12891 695.05469 700.07422 705.23828 710.51172 715.90234 722.49219 729.21094 736.05859 743.00000 750.03906 757.16016 764.35938 771.61328 778.92969 786.29688 793.70703 2.1472390
70.4000 -46140.766 0.0000000 0.0000000 0.0000000 0.0000000 0.0000000 0.0000000 0.0000000 0.0000000 0.0000000 26.136719 52.703125 79.636719 107.20312 134.94141 163.26953 192.01172 221.08984 250.75391 280.75000 311.03906 341.83203 373.15625 404.85156 436.93750 469.48047 502.35156 535.78516 569.57422 603.82812 594.64844 587.42969 581.89062 577.80469 574.96484 573.22656 572.42188 572.46875 573.26172 574.70312 576.72656 579.25781 582.25781 585.65625 589.44141 593.54688 597.19531 601.03516 604.23438 607.53125 611.79688 616.19141 620.71094 625.33984 631.03906 636.89062 642.85938 648.93359 655.11719 661.38281 667.73828 674.15625 680.65234 687.18359 693.78125 2.2236853
70.6000 -46989.363 0.0000000 0.0000000 0.0000000 0.0000000 0.0000000 0.0000000 0.0000000 0.0000000 0.0000000 30.312500 60.960938 92.203125 124.09766 156.50000 189.53906 222.94922 257.02344 291.67578 326.83984 362.71484 398.92578 435.80469 473.33203 511.28906 549.94922 589.12500 628.77734 668.96875 709.82422 700.33203 692.96094 687.40234 683.37891 680.68750 679.14844 678.60938 678.94922 680.05078 681.83984 684.22656 687.13281 690.51953 694.32812 698.51562 703.03906 707.03516 711.22266 714.69922 718.28125 722.89453 727.64062 732.51172 737.50391 743.63672 749.90234 756.29297 762.79688 769.39062 776.08203 782.85547 789.69141 796.59766 803.56250 810.55859 2.1471243
70.8000 -46647.199 0.0000000 0.0000000 0.0000000 0.0000000 0.0000000 0.0000000 0.0000000 0.0000000 0.0000000 23.984375 48.398438 73.238281 98.441406 124.03906 150.10156 176.68359 203.48047 230.73828 258.55859 286.66016 315.18359 344.05078 373.41016 403.16016 433.41016 464.09375 495.10938 526.45703 558.39453 552.96094 549.19141 546.83594 545.66016 545.48438 546.17578 547.60547 549.69922 552.34766 555.49219 559.07031 563.03125 567.34375 571.95312 576.83594 581.95312 586.37500 590.94531 594.68359 598.49609 603.36328 608.30859 613.35938 618.48828 624.73438 631.07031 637.50781 644.00781 650.57031 657.19531 663.87500 670.60547 677.37109 684.17969 690.99219 2.1770396
71.0000 -46701.445 0.0000000 0.0000000 0.0000000 0.0000000 0.0000000 0.0000000 0.0000000 0.0000000 0.0000000 23.511719 47.679688 72.226562 97.226562 122.76953 148.79688 175.23047 202.15234 229.50391 257.43750 285.76172 314.71094 344.04688 373.80469 404.02734 434.73047 465.90234 497.62109 529.76562 562.41016 553.11328 545.96094 540.61328 536.77344 534.25781 532.83203 532.37500 532.75781 533.85156 535.57812 537.87109 540.66016 543.86328 547.48047 551.42188 555.67969 559.43359 563.35156 566.60938 569.94922 574.25391 578.67969 583.20703 587.85547 593.54688 599.36328 605.28125 611.30078 617.40234 623.59375 629.83984 636.16016 642.53516 648.95312 655.40234 2.1797118
71.2000 -46842.008 0.0000000 0.0000000 0.0000000 0.0000000 0.0000000 0.0000000 0.0000000 0.0000000 0.0000000 28.976562 58.570312 88.750000 119.55859 151.08203 183.25391 216.03125 249.53125 283.49609 318.11328 353.40625 389.42188 425.95703 463.10938 500.90625 539.50391 578.60547 618.26953 658.68359 699.72266 687.23047 677.51953 670.13281 664.65625 660.79688 658.30469 656.97656 656.68750 657.26562 658.59375 660.62109 663.22656 666.36328 669.96484 673.98047 678.34766 682.24609 686.34375 689.76562 693.29688 697.85156 702.55469 707.39844 712.36719 718.46875 724.71875 731.08984 737.58203 744.19141 750.88281 757.66406 764.51953 771.44141 778.42578 785.43750 2.1373365
71.4000 -46486.066 0.0000000 0.0000000 0.0000000 0.0000000 0.0000000 0.0000000 0.0000000 0.0000000 0.0000000 25.937500 52.312500 79.058594 106.13672 133.66406 161.60156 189.78906 218.33984 247.29688 276.69531 306.43750 336.50000 366.99219 397.99609 429.21875 460.86719 492.83203 525.27734 558.02344 591.16797 582.44531 575.67188 570.54297 566.83984 564.39844 563.04297 562.63281 563.06250 564.23828 566.06250 568.46875 571.38281 574.76172 578.55078 582.70703 587.19531 591.16016 595.30859 598.75391 602.29688 606.85547 611.55469 616.38672 621.31641 627.37891 633.56641 639.88672 646.31250 652.83594 659.45312 666.14062 672.90234 679.71875 686.60156 693.51562 2.1852283
71.6000 -46814.227 0.0000000 0.0000000 0.0000000 0.0000000 0.0000000 0.0000000 0.0000000 0.0000000 0.0000000 25.367188 51.207031 77.628906 104.61328 132.12500 160.14453 188.67188 217.77344 247.46094 277.56641 308.29688 339.54297 371.45312 403.74219 436.62891 470.04688 503.99219 538.50000 573.52734 609.07812 599.21875 591.57031 585.80078 581.61719 578.80469 577.16797 576.56250 576.85156 577.91406 579.65625 582.02344 584.90625 588.25391 592.02734 596.16797 600.64453 604.60156 608.74609 612.17188 615.71094 620.26172 624.94922 629.75000 634.66406 640.69141 646.85938 653.14062 659.53125 666.00781 672.56641 679.21484 685.91406 692.68359 699.48438 706.34766 2.1152506
71.8000 -46395.840 0.0000000 0.0000000 0.0000000 0.0000000 0.0000000 0.0000000 0.0000000 0.0000000 0.0000000 26.027344 52.750000 79.972656 107.92578 136.47266 165.55859 195.09766 225.36719 256.26172 287.73438 319.83984 352.39062 385.64453 419.50391 453.94922 488.90234 524.57812 560.78516 597.56641 634.95312 626.83203 620.56641 615.88281 612.58203 610.48438 609.44922 609.33984 610.04688 611.49219 613.57812 616.23438 619.39062 623.01562 627.03906 631.42578 636.14453 640.29297 644.63672 648.23828 651.92969 656.68750 661.57422 666.58984 671.71875 678.01172 684.43359 690.99609 697.65234 704.41016 711.25391 718.17578 725.16797 732.24219 739.35156 746.50391 2.1835656
72.0000 -46686.625 0.0000000 0.0000000 0.0000000 0.0000000 0.0000000 0.0000000 0.0000000 0.0000000 0.0000000 30.054688 60.738281 91.980469 123.78125 156.34375 189.37891 223.13281 257.52344 292.55859 328.10938 364.27734 401.15234 438.47656 476.50000 515.18750 554.48438 594.37891 634.76172 676.02344 717.72656 705.83203 696.52344 689.35156 683.98828 680.11719 677.55469 676.08203 675.58203 675.89062 676.93359 678.61328 680.84375 683.57031 686.72266 690.26562 694.15234 697.64062 701.30469 704.37500 707.53516 711.63672 715.86719 720.22656 724.70312 730.20703 735.84766 741.60938 747.49219 753.46094 759.53125 765.67188 771.87500 778.13672 784.47266 790.82812 2.1668327
72.2000 -46365.020 0.0000000 0.0000000 0.0000000 0.0000000 0.0000000 0.0000000 0.0000000 0.0000000 0.0000000 23.601562 47.941406 73.078125 98.937500 125.54297 152.89453 181.00391 209.93359 239.63672 270.08203 301.37109 333.12891 365.96875 399.37500 433.63281 468.62500 504.42188 540.94922 578.08984 616.19922 604.96094 596.37109 589.92969 585.27344 582.12891 580.25391 579.47266 579.62891 580.61328 582.29688 584.61719 587.48438 590.83594 594.62109 598.78516 603.28516 607.27344 611.46484 614.92969 618.50391 623.10938 627.84375 632.70703 637.68750 643.79688 650.05469 656.42188 662.89453 669.47656 676.14453 682.88672 689.69531 696.57422 703.50000 710.46484 2.1973913
72.4000 -46583.414 0.0000000 0.0000000 0.0000000 0.0000000 0.0000000 0.0000000 0.0000000 0.0000000 0.0000000 27.933594 56.140625 84.531250 113.16797 142.01172 171.09375 200.46875 230.02734 259.75391 289.76562 319.98828 350.49609 381.06250 411.96875 443.15625 474.52734 506.06641 537.87500 569.95312 602.19141 598.19922 595.49609 593.88281 593.23828 593.42578 594.34766 595.91016 598.03516 600.66016 603.73438 607.19531 611.01172 615.14062 619.55859 624.21484 629.10938 633.33594 637.69922 641.26172 644.89844 649.54688 654.28516 659.10547 664.00000 669.97266 676.03516 682.17969 688.40625 694.68750 701.03125 707.43750 713.87891 720.37109 726.89453 733.43750 2.1949701
72.6000 -46416.113 0.0000000 0.0000000 0.0000000 0.0000000 0.0000000 0.0000000 0.0000000 0.0000000 0.0000000 27.906250 56.503906 85.546875 115.05859 145.16406 175.75000 206.90234 238.50000 270.71094 303.38672 336.60938 370.34766 404.59375 439.46875 474.78906 510.70703 547.08984 583.92578 621.37109 659.30859 652.60547 647.53906 643.89844 641.51953 640.21484 639.86719 640.37109 641.61328 643.52734 646.03125 649.05078 652.54297 656.44922 660.73828 665.36328 670.28906 674.58984 679.08984 682.78906 686.59766 691.46094 696.46484 701.58203 706.80078 713.18359 719.71484 726.33984 733.08594 739.90625 746.81641 753.80469 760.86328 767.95703 775.12500 782.32422 2.1951754
72.8000 -46667.363 0.0000000 0.0000000 0.0000000 0.0000000 0.0000000 0.0000000 0.0000000 0.0000000 0.0000000 27.710938 55.726562 84.355469 113.25391 142.85547 172.87109 203.35156 234.18750 265.65625 297.62109 329.99609 362.90625 396.14453 429.95312 464.33203 499.00391 534.23828 569.99609 606.19531 642.83984 627.36719 615.14062 605.58594 598.24609 592.78516 588.90234 586.39062 585.03906 584.69141 585.22266 586.50391 588.48047 591.02344 594.08984 597.62109 601.55469 605.11719 608.89844 612.06641 615.37891 619.64844 624.08984 628.67188 633.39844 639.22266 645.21875 651.33203 657.58984 663.95312 670.41797 676.97266 683.61328 690.32031 697.09766 703.90625 2.1986561
73.0000 -46931.898 0.0000000 0.0000000 0.0000000 0.0000000 0.0000000 0.0000000 0.0000000 0.0000000 0.0000000 26.609375 53.542969 81.046875 108.94922 137.23047 165.93750 195.07812 224.80469 254.78906 285.15234 316.11719 347.40234 379.21484 411.27734 443.97656 476.93359 510.37500 544.12109 578.54688 613.25781 602.07031 593.25391 586.44922 581.38672 577.79297 575.48438 574.28516 574.06250 574.69922 576.08203 578.13281 580.77344 583.93359 587.55469 591.60938 596.02344 599.95703 604.09766 607.54297 611.11719 615.71875 620.48828 625.37500 630.41016 636.59375 642.92188 649.37891 655.97656 662.67969 669.48047 676.36328 683.33203 690.37109 697.46875 704.60938 2.1572618
73.2000 -46741.484 0.0000000 0.0000000 0.0000000 0.0000000 0.0000000 0.0000000 0.0000000 0.0000000 0.0000000 26.054688 52.812500 80.281250 108.39844 137.18750 166.61719 196.82031 227.60938 259.15234 291.42578 324.35547 358.00000 392.27734 427.21094 462.85156 499.04688 536.09375 573.80859 612.22266 651.26953 642.90234 636.53125 631.84766 628.61719 626.61719 625.67188 625.65625 626.43750 627.91016 630.00391 632.63672 635.74219 639.26953 643.16406 647.40234 651.93750 655.90234 660.03516 663.44922 666.96484 671.47656 676.10547 680.83203 685.66797 691.57031 697.60156 703.73828 709.96875 716.27734 722.66016 729.10938 735.62109 742.18359 748.78125 755.41797 2.1645730
73.4000 -46603.469 0.0000000 0.0000000 0.0000000 0.0000000 0.0000000 0.0000000 0.0000000 0.0000000 0.0000000 28.382812 57.210938 86.531250 116.14453 146.10156 176.52344 207.30078 238.36328 269.83203 301.72656 333.97266 366.58984 399.65234 432.98828 466.71875 500.82422 535.34766 570.30078 605.45703 641.11719 632.12891 625.05859 619.66797 615.67578 612.97266 611.35938 610.71875 610.92578 611.90234 613.52734 615.76953 618.52734 621.76172 625.42188 629.46484 633.85156 637.73438 641.81641 645.21094 648.71094 653.22656 657.87891 662.66406 667.56250 673.59766 679.76172 686.06641 692.47656 698.99609 705.60938 712.30078 719.07812 725.91016 732.81250 739.74219 2.1839583
73.6000 -46353.852 0.0000000 0.0000000 0.0000000 0.0000000 0.0000000 0.0000000 0.0000000 0.0000000 0.0000000 27.632812 55.718750 84.398438 113.56641 143.25000 173.35938 204.02734 235.28906 267.18750 299.53125 332.41406 365.76562 399.73438 434.30469 469.28125 504.67969 540.84375 577.47656 614.58984 652.21484 640.30469 631.23047 624.44141 619.55859 616.23438 614.25391 613.39453 613.50000 614.44531 616.12109 618.41797 621.27734 624.62109 628.39453 632.55078 637.03906 641.01172 645.16406 648.61328 652.16797 656.74219 661.45312 666.27734 671.21875 677.29688 683.48828 689.80078 696.22656 702.72266 709.32422 715.99219 722.73047 729.53125 736.36719 743.25391 2.1790779
73.8000 -46489.180 0.0000000 0.0000000 0.0000000 0.0000000 0.0000000 0.0000000 0.0000000 0.0000000 0.0000000 26.914062 54.382812 82.492188 111.06250 140.28125 169.87891 200.17188 231.01953 262.33984 294.18750 326.54297 359.50781 393.04688 427.00781 461.68359 496.76562 532.48047 568.70312 605.48047 642.78125 633.94922 627.18359 622.18359 618.67578 616.44531 615.33594 615.18359 615.87500 617.29297 619.36328 622.00391 625.17188 628.76562 632.76562 637.12109 641.81250 645.92969 650.22656 653.78125 657.44141 662.15234 666.97656 671.92578 676.98438 683.18750 689.51953 695.96094 702.52734 709.16016 715.88672 722.69141 729.55859 736.49219 743.48047 750.49219 2.1832967
74.0000 -46507.418 0.0000000 0.0000000 0.0000000 0.0000000 0.0000000 0.0000000 0.0000000 0.0000000 0.0000000 25.847656 52.070312 78.593750 105.65625 132.98438 160.71875 188.90234 217.40234 246.37500 275.70703 305.36328 335.53125 366.03125 396.85547 428.15234 459.84766 491.96094 524.41406 557.31250 590.55078 583.99219 579.16797 575.80469 573.70703 572.70312 572.63672 573.41016 574.88281 576.98828 579.66406 582.82812 586.43750 590.44531 594.78906 599.44922 604.38672 608.68750 613.15234 616.83203 620.58984 625.40625 630.33594 635.36719 640.50781 646.76953 653.15625 659.64844 666.22266 672.87109 679.61328 686.41797 693.27344 700.17969 707.13672 714.12109 2.1328416
74.2000 -46588.500 0.0000000 0.0000000 0.0000000 0.0000000 0.0000000 0.0000000 0.0000000 0.0000000 0.0000000 28.617188 57.894531 87.558594 117.89844 148.77344 180.23438 212.22266 244.74609 277.77734 311.46875 345.54297 380.33203 415.56641 451.47266 487.82031 524.76953 562.21484 600.44531 638.91797 678.06250 667.06641 658.54688 652.07812 647.35547 644.12891 642.16797 641.30078 641.37891 642.30469 643.94141 646.22656 649.06641 652.40234 656.19141 660.35938 664.89062 668.89453 673.09766 676.58984 680.19141 684.82812 689.60938 694.50781 699.53906 705.71094 712.02344 718.46094 725.00781 731.65625 738.39453 745.21094 752.10547 759.06250 766.07031 773.10547 2.1686251
74.4000 -46380.281 0.0000000 0.0000000 0.0000000 0.0000000 0.0000000 0.0000000 0.0000000 0.0000000 0.0000000 26.339844 53.148438 80.632812 108.57422 137.09766 166.08984 195.71484 225.98047 256.65234 287.83594 319.64062 352.01562 384.88672 418.22266 452.23828 486.79688 521.75781 557.25000 593.48438 630.13281 621.26953 614.45312 609.35938 605.72656 603.36719 602.08594 601.75781 602.24609 603.45312 605.29688 607.68750 610.57812 613.91797 617.62500 621.69531 626.05469 629.91016 633.92969 637.25781 640.70312 645.09766 649.63281 654.27734 659.03516 664.85547 670.81250 676.87109 683.03125 689.28125 695.60547 702.00391 708.47266 714.98438 721.56250 728.16016 2.1788938
74.6000 -46606.176 0.0000000 0.0000000 0.0000000 0.0000000 0.0000000 0.0000000 0.0000000 0.0000000 0.0000000 21.761719 44.015625 67.062500 90.605469 114.77344 139.60547 164.88281 190.80469 217.44922 244.46875 272.32812 300.69531 329.70312 359.34375 389.51953 420.25781 451.53906 483.60547 516.22656 549.38281 542.56250 537.53906 534.03906 531.84375 530.77344 530.66797 531.42969 532.92188 535.06250 537.79688 541.02344 544.69922 548.76953 553.20312 557.95703 562.97656 567.37109 571.89844 575.63672 579.45312 584.35938 589.37109 594.48438 599.69531 606.06641 612.53516 619.11719 625.78516 632.54688 639.36719 646.24219 653.19531 660.19531 667.23828 674.29297 2.2101040
74.8000 -46561.293 0.0000000 0.0000000 0.0000000 0.0000000 0.0000000 0.0000000 0.0000000 0.0000000 0.0000000 25.652344 51.949219 78.929688 106.37500 134.32812 162.89844 192.04297 221.82422 252.10547 283.00781 314.45703 346.47656 379.03906 412.25000 446.01953 480.23438 515.13672 550.54297 586.64062 623.18359 614.08203 606.99219 601.67578 597.87891 595.37891 594.04688 593.72656 594.27734 595.61328 597.62891 600.25391 603.42188 607.08984 611.16406 615.63281 620.44531 624.69922 629.14062 632.82812 636.62891 641.50391 646.50781 651.65625 656.93359 663.39453 669.99219 676.73047 683.56641 690.51562 697.55078 704.65625 711.85547 719.10938 726.43359 733.77344 2.1673834
75.0000 -46679.738 0.0000000 0.0000000 0.0000000 0.0000000 0.0000000 0.0000000 0.0000000 0.0000000 0.0000000 27.812500 56.089844 84.566406 113.55469 142.76562 172.41797 202.37500 232.76953 263.51562 294.55078 325.93750 357.72266 389.90234 422.51953 455.35547 488.76172 522.26562 556.16016 590.59766 625.28125 613.92188 604.98438 598.10156 592.93750 589.26953 586.87891 585.59766 585.28125 585.80859 587.07422 589.00000 591.50000 594.51172 597.97266 601.85156 606.08984 609.87500 613.85938 617.17578 620.60938 625.04688 629.63672 634.34766 639.19141 645.15625 651.26172 657.50781 663.85547 670.32422 676.87500 683.52344 690.23438 697.03516 703.87891 710.76562 2.1678388
75.2000 -46437.480 0.0000000 0.0000000 0.0000000 0.0000000 0.0000000 0.0000000 0.0000000 0.0000000 0.0000000 25.804688 52.375000 79.457031 107.17188 135.48047 164.39844 193.92188 224.05859 254.88672 286.16797 317.96094 350.49609 383.66016 417.35938 451.65234 486.62109 522.04688 558.13281 594.92188 632.19141 622.20703 614.53516 608.76172 604.60156 601.80078 600.17188 599.56250 599.82812 600.85938 602.58203 604.89844 607.74219 611.05469 614.79297 618.90234 623.33594 627.25391 631.36719 634.79297 638.31641 642.85156 647.51562 652.30859 657.23047 663.25781 669.42969 675.72266 682.10938 688.61719 695.19141 701.86719 708.59766 715.40625 722.25391 729.14844 2.1781473
75.4000 -46901.035 0.0000000 0.0000000 0.0000000 0.0000000 0.0000000 0.0000000 0.0000000 0.0000000 0.0000000 29.457031 59.203125 89.773438 120.73828 152.23047 184.31641 216.94141 250.04688 283.64062 317.73828 352.47656 387.60547 423.29688 459.50000 496.22656 533.52734 571.29688 609.59766 648.33984 687.75391 679.03516 672.34766 667.37891 663.88281 661.67578 660.58594 660.47266 661.19922 662.69141 664.84375 667.58594 670.83984 674.57031 678.71484 683.24219 688.08594 692.36328 696.81641 700.51172 704.31641 709.19141 714.21094 719.35547 724.60547 731.05469 737.64453 744.35547 751.17578 758.08594 765.10156 772.18359 779.33984 786.56250 793.84375 801.15625 2.1626787
75.6000 -46784.176 0.0000000 0.0000000 0.0000000 0.0000000 0.0000000 0.0000000 0.0000000 0.0000000 0.0000000 27.699219 55.882812 84.714844 114.10547 144.08984 174.72656 205.91797 237.46484 269.75391 302.66406 336.13672 370.14062 404.73047 439.92578 475.63672 511.90234 548.83594 586.39062 624.39844 663.05078 648.95312 638.10547 629.90234 623.84375 619.56250 616.77344 615.24219 614.80469 615.26562 616.53125 618.49609 621.04297 624.12500 627.68359 631.63281 635.94531 639.79297 643.82422 647.19922 650.66797 655.16797 659.78906 664.53906 669.40234 675.39844 681.51172 687.76172 694.11328 700.57031 707.11328 713.71875 720.41797 727.16797 733.97656 740.80859 2.1544476
75.8000 -46827.461 0.0000000 0.0000000 0.0000000 0.0000000 0.0000000 0.0000000 0.0000000 0.0000000 0.0000000 28.128906 56.871094 86.117188 116.04297 146.35156 177.50781 209.01953 241.24609 274.07422 307.36328 341.29297 375.68359 410.78516 446.45703 482.58984 519.41406 556.80469 594.74219 633.19922 672.32422 662.59766 655.10156 649.48438 645.43359 642.75391 641.22656 640.71484 641.07812 642.19922 643.98828 646.36328 649.25391 652.61328 656.37891 660.50000 664.95312 668.88281 672.98438 676.39453 679.91016 684.41016 689.05859 693.82031 698.68750 704.66016 710.76172 716.97656 723.30078 729.71875 736.21484 742.80078 749.42578 756.12891 762.88281 769.66016 2.1644645
76.0000 -46863.289 0.0000000 0.0000000 0.0000000 0.0000000 0.0000000 0.0000000 0.0000000 0.0000000 0.0000000 21.808594 44.031250 66.707031 89.562500 113.03906 136.75000 160.92188 185.49219 210.27734 235.57422 261.35156 287.48438 313.80078 340.78516 368.03516 395.63672 423.62500 452.03906 480.78906 509.94531 504.08203 499.93359 497.26562 495.82031 495.46875 496.03125 497.39844 499.45312 502.12891 505.34375 509.02734 513.13672 517.61328 522.42578 527.53516 532.91016 537.56250 542.37891 546.31641 550.34375 555.47656 560.73047 566.05859 571.50000 578.12500 584.85156 591.67578 598.58203 605.56641 612.61719 619.72656 626.88672 634.09766 641.34766 648.61719 2.1543527
76.2000 -46686.172 0.0000000 0.0000000 0.0000000 0.0000000 0.0000000 0.0000000 0.0000000 0.0000000 0.0000000 27.800781 56.117188 84.953125 114.29297 144.08203 174.50000 205.40625 236.77734 268.78906 301.28906 334.23047 367.78125 401.86719 436.46484 471.52344 507.12109 543.15234 579.92969 617.05859 654.80078 646.68750 640.44531 635.78906 632.52344 630.43750 629.41016 629.29297 629.97656 631.38281 633.39453 635.96094 639.03516 642.53906 646.43750 650.67969 655.23828 659.26562 663.45312 666.91797 670.47656 675.06250 679.78516 684.61719 689.56250 695.61328 701.80469 708.10547 714.51172 721.00781 727.58984 734.24219 740.96094 747.73828 754.57812 761.43750 2.1568813
76.4000 -46664.625 0.0000000 0.0000000 0.0000000 0.0000000 0.0000000 0.0000000 0.0000000 0.0000000 0.0000000 23.914062 48.214844 73.406250 98.820312 124.82031 151.47656 178.55469 206.22266 234.48438 263.32031 292.53906 322.48047 352.78906 383.69922 415.06250 447.13672 479.63281 512.83203 546.39844 580.59766 567.03125 556.35156 548.07031 541.82031 537.30078 534.25781 532.51562 531.86719 532.19922 533.35938 535.27344 537.83203 540.97266 544.63281 548.74219 553.24609 557.28516 561.53906 565.09766 568.77734 573.53906 578.46094 583.53906 588.74219 595.15625 601.72656 608.42969 615.28125 622.22656 629.28516 636.43750 643.67969 650.97656 658.35156 665.76172 2.1646597
76.6000 -46362.605 0.0000000 0.0000000 0.0000000 0.0000000 0.0000000 0.0000000 0.0000000 0.0000000 0.0000000 26.238281 52.890625 79.972656 107.44531 135.21484 163.43750 192.03516 220.96484 250.46875 280.24219 310.41797 341.00000 372.00781 403.29297 435.07422 467.21875 499.79297 532.70703 565.96094 599.73047 594.37109 590.55859 588.05859 586.71094 586.33203 586.82422 588.06641 589.97656 592.46875 595.47266 598.94531 602.81250 607.04688 611.60156 616.45703 621.57031 625.99609 630.58984 634.34766 638.18750 643.10156 648.11328 653.22266 658.42188 664.77734 671.21875 677.76953 684.41406 691.11719 697.88281 704.71484 711.60547 718.53906 725.52734 732.51953 2.1802428
76.8000 -46304.176 0.0000000 0.0000000 0.0000000 0.0000000 0.0000000 0.0000000 0.0000000 0.0000000 0.0000000 25.972656 52.578125 79.753906 107.62500 136.11719 165.15234 194.91016 225.32031 256.33203 287.93750 320.24219 353.09375 386.56641 420.82812 455.61719 490.99609 527.01953 563.64844 601.01953 638.93750 624.50000 613.14844 604.32031 597.59375 592.65625 589.23047 587.12109 586.10938 586.07031 586.88281 588.42969 590.62500 593.39844 596.67578 600.40234 604.51562 608.22266 612.14844 615.43750 618.84375 623.25391 627.83594 632.55469 637.40234 643.39062 649.51953 655.79297 662.18750 668.70312 675.31250 682.01562 688.79688 695.64844 702.55078 709.50781 2.1639013
77.0000 -46745.699 0.0000000 0.0000000 0.0000000 0.0000000 0.0000000 0.0000000 0.0000000 0.0000000 0.0000000 26.718750 54.074219 81.976562 110.42188 139.32812 168.97656 199.06641 229.75000 260.96094 292.72656 325.03906 357.85547 391.35547 425.38672 459.89453 495.03125 530.67188 566.84375 603.58594 640.93750 631.89844 624.91406 619.66016 615.90625 613.44531 612.10938 611.76172 612.25781 613.51953 615.43750 617.96094 620.99609 624.48828 628.40625 632.69141 637.30078 641.37109 645.62500 649.16016 652.80078 657.46484 662.28125 667.21484 672.25781 678.44531 684.77344 691.21484 697.76562 704.41797 711.16016 717.97266 724.85938 731.80078 738.81641 745.84375 2.1745942
77.2000 -46315.477 0.0000000 0.0000000 0.0000000 0.0000000 0.0000000 0.0000000 0.0000000 0.0000000 0.0000000 30.519531 61.496094 93.109375 125.29688 157.86719 191.18359 224.84766 259.24219 294.18359 329.59375 365.57812 402.11719 439.19531 476.87891 515.08594 553.73438 593.15234 632.99219 673.35938 714.29688 705.06250 698.05469 692.89062 689.25781 686.93750 685.72266 685.46875 686.02344 687.30469 689.21094 691.66406 694.59766 697.94922 701.69141 705.75391 710.12500 713.96094 717.96875 721.29297 724.70312 729.07812 733.57812 738.18750 742.89062 748.65234 754.53516 760.52734 766.60938 772.78125 779.03516 785.34766 791.71484 798.13672 804.61719 811.11719 2.1709590
77.4000 -46637.898 0.0000000 0.0000000 0.0000000 0.0000000 0.0000000 0.0000000 0.0000000 0.0000000 0.0000000 27.410156 55.511719 84.343750 113.83203 144.10156 175.13281 206.83203 239.20703 272.37500 306.24219 340.71094 376.14453 412.05078 448.78125 486.15625 524.37891 563.14453 602.77734 643.13281 684.07422 677.50391 672.66406 669.28125 667.17969 666.16016 666.07812 666.81250 668.27344 670.37500 673.03125 676.18359 679.78125 683.76562 688.11328 692.75781 697.68750 701.98438 706.44922 710.11719 713.88672 718.68359 723.60156 728.63672 733.76562 740.03125 746.40625 752.88672 759.46484 766.11328 772.83984 779.64062 786.49609 793.39062 800.35547 807.32422 2.1771410
77.6000 -46171.676 0.0000000 0.0000000 0.0000000 0.0000000 0.0000000 0.0000000 0.0000000 0.0000000 0.0000000 27.890625 56.398438 85.468750 114.76172 144.83984 175.33984 206.47656 238.11328 270.35156 302.98828 336.30469 370.21094 404.49219 439.27734 474.75000 510.50781 547.13281 584.08594 621.75000 659.76953 650.45703 643.58984 638.69141 635.42188 633.48438 632.70312 632.89844 633.92188 635.67188 638.05078 640.99219 644.41016 648.26172 652.49219 657.07031 661.92969 666.19141 670.62500 674.28906 678.02734 682.83203 687.76172 692.79297 697.94141 704.23047 710.62891 717.13672 723.75000 730.44531 737.21484 744.05859 750.95312 757.90234 764.90625 771.92578 2.1900675
77.8000 -46473.156 0.0000000 0.0000000 0.0000000 0.0000000 0.0000000 0.0000000 0.0000000 0.0000000 0.0000000 29.230469 59.113281 89.472656 120.39453 151.84375 183.75000 216.30078 249.42188 283.01562 317.14062 351.79297 386.94141 422.71094 458.90625 495.68750 533.04297 570.95312 609.36328 648.30078 687.75000 679.17578 672.66016 667.86719 664.53516 662.46094 661.47266 661.42188 662.20312 663.71094 665.85156 668.55859 671.77344 675.42969 679.48828 683.91016 688.64062 692.81250 697.16797 700.77344 704.47656 709.23828 714.12500 719.14844 724.27344 730.56641 736.99219 743.54297 750.19922 756.94141 763.79297 770.70312 777.69922 784.75391 791.87500 799.01953 2.1748586
78.0000 -46720.828 0.0000000 0.0000000 0.0000000 0.0000000 0.0000000 0.0000000 0.0000000 0.0000000 0.0000000 24.667969 49.960938 76.007812 102.51562 129.69531 157.50391 185.94531 214.82031 244.47266 274.56250 305.50391 336.97656 369.04297 401.60938 435.05078 468.85156 503.45312 538.50391 574.26953 610.59766 600.71094 593.22656 587.68359 583.79688 581.26953 579.93359 579.60156 580.14453 581.44531 583.40234 585.95312 589.01172 592.51953 596.44141 600.71094 605.29297 609.34766 613.57031 617.06641 620.66406 625.28516 630.03906 634.91406 639.89453 646.00391 652.22266 658.57031 665.02734 671.57031 678.19141 684.89062 691.65625 698.48438 705.36328 712.26172 2.1750233
78.2000 -46477.008 0.0000000 0.0000000 0.0000000 0.0000000 0.0000000 0.0000000 0.0000000 0.0000000 0.0000000 26.730469 54.160156 81.835938 110.30078 139.10938 168.54688 198.52734 229.07422 260.21484 291.73047 323.92578 356.65625 389.87891 423.63281 457.96875 492.82812 528.14062 564.07422 600.53125 637.57812 629.87500 624.06641 619.87109 617.02344 615.39844 614.78906 615.08984 616.17578 617.96094 620.37109 623.32031 626.74609 630.59766 634.85547 639.43750 644.33594 648.62500 653.08984 656.77344 660.56250 665.41797 670.39453 675.49219 680.69922 687.06641 693.56250 700.17188 706.88281 713.67578 720.56250 727.51562 734.54297 741.62109 748.75000 755.91016 2.1905632
78.4000 -46547.207 0.0000000 0.0000000 0.0000000 0.0000000 0.0000000 0.0000000 0.0000000 0.0000000 0.0000000 26.945312 54.527344 82.652344 111.67188 141.11328 171.39453 202.15234 233.58984 265.69141 298.43359 331.86719 365.80469 400.43359 435.69531 471.73438 508.22656 545.50391 583.27344 621.85547 660.93359 652.48047 645.99609 641.17969 637.81250 635.67969 634.64062 634.53125 635.25000 636.69141 638.76953 641.42188 644.57031 648.16797 652.16016 656.50781 661.16406 665.26562 669.56250 673.10547 676.73828 681.43359 686.24219 691.16406 696.21094 702.38281 708.68750 715.10547 721.63672 728.25781 734.95703 741.73047 748.55859 755.46875 762.42188 769.39844 2.1714001
78.6000 -46490.410 0.0000000 0.0000000 0.0000000 0.0000000 0.0000000 0.0000000 0.0000000 0.0000000 0.0000000 27.136719 54.687500 82.601562 111.00391 139.59375 168.64062 198.03125 227.95703 258.11719 288.85547 319.76953 351.20703 382.97266 415.08984 447.66406 480.62891 514.08203 547.67969 581.85938 616.32422 611.26172 607.64844 605.30859 604.06641 603.79297 604.34375 605.64844 607.60156 610.13281 613.17578 616.66406 620.57031 624.84766 629.44141 634.32422 639.46094 643.93359 648.54297 652.33594 656.20312 661.13672 666.19922 671.35156 676.58984 682.98438 689.48438 696.08984 702.77734 709.54688 716.37500 723.26953 730.22656 737.21484 744.25781 751.32422 2.1542778
78.8000 -46664.961 0.0000000 0.0000000 0.0000000 0.0000000 0.0000000 0.0000000 0.0000000 0.0000000 0.0000000 21.644531 43.925781 66.800781 90.281250 114.28906 138.76562 163.94531 189.66406 215.92188 242.67969 270.07031 297.96484 326.75781 355.71094 385.35156 415.59375 446.35938 477.66406 509.67969 542.09766 533.66016 527.19141 522.41406 519.07422 516.98438 515.95703 515.87109 516.60156 518.05078 520.12891 522.78125 525.92578 529.50781 533.47656 537.80859 542.43359 546.52344 550.77734 554.30859 557.92969 562.58203 567.37109 572.27344 577.28516 583.41406 589.68359 596.06641 602.55078 609.14062 615.80078 622.54297 629.35547 636.21484 643.14062 650.08594 2.1679997
79.0000 -46821.039 0.0000000 0.0000000 0.0000000 0.0000000 0.0000000 0.0000000 0.0000000 0.0000000 0.0000000 23.519531 47.679688 72.296875 97.492188 123.37891 149.64453 176.48828 204.13672 232.20312 260.77344 290.13281 319.95703 350.24609 381.26172 412.78906 444.80469 477.40625 510.59766 544.33594 578.75781 572.80859 568.46094 565.49609 563.71094 562.97266 563.14062 564.10547 565.76172 568.02734 570.84766 574.15234 577.88281 581.99609 586.45703 591.21875 596.25391 600.63672 605.17969 608.91406 612.72266 617.60156 622.59766 627.69141 632.88281 639.22266 645.67578 652.23047 658.87109 665.58984 672.37891 679.23047 686.14844 693.10938 700.12109 707.14453 2.1448646
79.2000 -46463.902 0.0000000 0.0000000 0.0000000 0.0000000 0.0000000 0.0000000 0.0000000 0.0000000 0.0000000 28.937500 58.355469 88.074219 118.11328 148.46094 179.19141 210.20312 241.66406 273.45312 305.58203 337.99219 370.81641 403.96484 437.42969 471.26172 505.50391 540.01562 574.97656 610.15234 645.75781 636.73047 629.74219 624.50000 620.72266 618.21484 616.79688 616.33984 616.69141 617.77344 619.50391 621.78125 624.55859 627.78125 631.39844 635.35547 639.62891 643.41016 647.35938 650.64453 654.01562 658.36719 662.83984 667.42188 672.11328 677.87500 683.76953 689.76562 695.87109 702.05859 708.33594 714.68359 721.09375 727.55859 734.09375 740.64844 2.1951203
79.4000 -46798.676 0.0000000 0.0000000 0.0000000 0.0000000 0.0000000 0.0000000 0.0000000 0.0000000 0.0000000 26.136719 52.808594 79.628906 106.94141 134.62500 162.51953 190.78516 219.43359 248.48438 277.72266 307.38672 337.48047 367.77734 398.53906 429.58594 460.98047 492.67969 524.81641 557.19531 589.96484 583.17188 578.01562 574.28906 571.80469 570.39062 569.92578 570.30078 571.39453 573.14844 575.46484 578.29688 581.57031 585.26562 589.30859 593.67578 598.32812 602.41016 606.65625 610.16406 613.76172 618.37500 623.10547 627.93750 632.86719 638.91797 645.08203 651.35547 657.71484 664.16797 670.69531 677.29297 683.94141 690.65234 697.41797 704.20312 2.1836336
79.6000 -46568.590 0.0000000 0.0000000 0.0000000 0.0000000 0.0000000 0.0000000 0.0000000 0.0000000 0.0000000 28.644531 57.582031 86.890625 116.50781 146.49609 176.84766 207.48438 238.57812 269.98828 301.77344 333.82812 366.30469 399.08984 432.35156 465.96094 499.78125 533.94531 568.60156 603.53516 638.78906 626.17969 616.35156 608.79297 603.17188 599.15625 596.54297 595.10938 594.72266 595.23047 596.51562 598.48438 601.05469 604.16797 607.74219 611.73828 616.12109 620.01172 624.10938 627.54297 631.08594 635.65625 640.37109 645.22266 650.21094 656.33594 662.60938 669.02734 675.53906 682.16797 688.89453 695.71094 702.58594 709.54688 716.55078 723.60938 2.1457942
79.8000 -46565.984 0.0000000 0.0000000 0.0000000 0.0000000 0.0000000 0.0000000 0.0000000 0.0000000 0.0000000 28.554688 57.535156 87.199219 117.45703 148.18359 179.56250 211.62500 244.11719 277.23047 310.92969 345.23438 379.95703 415.46094 451.35156 487.85547 525.05078 562.69141 600.98438 639.91016 679.34375 671.56250 665.61719 661.24609 658.22266 656.39453 655.59766 655.70312 656.60938 658.21484 660.44531 663.21875 666.48828 670.18750 674.27734 678.71875 683.47656 687.64844 692.00391 695.60547 699.30078 704.04688 708.91797 713.91016 719.00391 725.25000 731.63672 738.12109 744.71484 751.40234 758.17578 765.02344 771.92578 778.88672 785.91016 792.95703 2.1430840
80.0000 -46427.137 0.0000000 0.0000000 0.0000000 0.0000000 0.0000000 0.0000000 0.0000000 0.0000000 0.0000000 24.726562 49.757812 75.410156 101.49609 128.15234 155.35156 182.92969 211.00391 239.58203 268.73438 298.23047 328.31641 358.76172 389.80859 421.31641 453.43359 485.93750 518.88672 552.42969 586.32031 577.51562 570.71094 565.60938 561.94922 559.54297 558.23438 557.87891 558.33594 559.52734 561.36328 563.76172 566.66797 570.00391 573.76562 577.86328 582.27344 586.16797 590.24609 593.62500 597.10547 601.57422 606.16406 610.88281 615.70703 621.62500 627.66406 633.83594 640.09375 646.44531 652.88281 659.39062 665.95703 672.58594 679.27734 685.99219 2.1549809
80.2000 -46495.914 0.0000000 0.0000000 0.0000000 0.0000000 0.0000000 0.0000000 0.0000000 0.0000000 0.0000000 29.199219 59.035156 89.378906 120.33984 151.93750 184.14844 216.83984 250.09375 284.02344 318.44922 353.48828 389.11328 425.30078 462.06641 499.42188 537.36328 575.87109 614.98828 654.63672 694.94531 685.85156 678.76172 673.39844 669.49609 666.86719 665.33984 664.79297 665.07812 666.10156 667.78906 670.05859 672.84766 676.08984 679.75391 683.76953 688.12109 691.96484 696.00391 699.36328 702.81250 707.26953 711.85156 716.55469 721.38281 727.30078 733.36719 739.55469 745.83594 752.22656 758.70312 765.25781 771.87891 778.57031 785.32422 792.10156 2.1663260
80.4000 -46670.879 0.0000000 0.0000000 0.0000000 0.0000000 0.0000000 0.0000000 0.0000000 0.0000000 0.0000000 28.742188 57.757812 87.347656 117.53516 148.05859 179.28125 210.67578 242.78125 275.36328 308.46875 342.00391 376.00781 410.50781 445.57422 481.03516 516.98828 553.48828 590.52734 627.87891 665.81641 649.79688 636.96484 626.79688 618.87500 612.84766 608.43750 605.45703 603.65234 602.91797 603.10156 604.08203 605.78125 608.10547 610.97656 614.33594 618.14062 621.60938 625.32031 628.44922 631.71484 635.96875 640.40625 644.99219 649.72266 655.58984 661.62500 667.81250 674.15625 680.60156 687.16797 693.84375 700.60938 707.44531 714.35938 721.32422 2.1661744
80.6000 -46419.656 0.0000000 0.0000000 0.0000000 0.0000000 0.0000000 0.0000000 0.0000000 0.0000000 0.0000000 23.074219 46.570312 70.589844 94.972656 119.78906 145.00781 170.46875 196.64062 223.02344 249.84766 277.21094 304.89453 332.91406 361.46484 390.60547 419.83594 449.58203 479.70312 510.33984 541.32812 531.02344 523.12109 517.21484 512.94922 510.12500 508.50000 507.90625 508.21094 509.28125 511.01562 513.35156 516.20312 519.51562 523.22656 527.27344 531.65625 535.50781 539.55078 542.90234 546.35156 550.76953 555.32031 559.98828 564.74609 570.60156 576.57031 582.65234 588.82812 595.08203 601.41797 607.82812 614.29688 620.82422 627.38672 633.98828 2.1724594
80.8000 -46433.691 0.0000000 0.0000000 0.0000000 0.0000000 0.0000000 0.0000000 0.0000000 0.0000000 0.0000000 25.859375 52.324219 79.378906 107.22266 135.69141 164.82031 194.57422 224.92188 256.14453 287.93359 320.32812 353.46484 387.34375 421.72656 456.70703 492.43750 528.98438 566.11719 603.81641 642.23047 631.77344 623.70312 617.63281 613.22266 610.24609 608.48047 607.76953 607.94922 608.93750 610.59766 612.86328 615.66016 618.92578 622.60938 626.66016 631.04297 634.91016 638.96875 642.33984 645.80078 650.26172 654.85938 659.56250 664.38672 670.30078 676.34766 682.50391 688.76953 695.12891 701.57422 708.07812 714.65625 721.29297 727.98438 734.70312 2.1754432
81.0000 -46896.383 0.0000000 0.0000000 0.0000000 0.0000000 0.0000000 0.0000000 0.0000000 0.0000000 0.0000000 26.996094 54.546875 82.535156 111.27734 140.70312 170.64453 201.25781 232.46094 264.16016 296.43359 329.38281 362.96484 397.12500 431.78906 467.14453 503.06641 539.47266 576.73828 614.39062 652.74609 645.40625 639.82031 635.76172 632.99609 631.36328 630.71484 630.93750 631.90234 633.53516 635.76172 638.50391 641.71484 645.33594 649.32422 653.63672 658.24609 662.29297 666.50000 669.97266 673.54688 678.12109 682.82031 687.62891 692.53906 698.55078 704.69141 710.93359 717.25781 723.68359 730.17578 736.75391 743.38281 750.05859 756.80078 763.55859 2.1719975
81.2000 -46564.820 0.0000000 0.0000000 0.0000000 0.0000000 0.0000000 0.0000000 0.0000000 0.0000000 0.0000000 28.441406 57.457031 86.875000 116.94922 147.51172 178.42188 210.14062 242.25391 274.83203 308.11328 341.71484 375.91406 410.74609 445.94922 481.76953 518.09766 554.91016 592.22656 630.09766 668.48828 658.50781 650.80078 645.00391 640.81250 638.00781 636.37500 635.78516 636.07422 637.14453 638.89844 641.25000 644.12500 647.47266 651.23047 655.35938 659.82812 663.76562 667.90234 671.32812 674.85547 679.39062 684.07031 688.87109 693.78125 699.80078 705.96484 712.24609 718.62109 725.10547 731.66406 738.30469 745.01562 751.78516 758.60156 765.46094 2.1559091
81.4000 -46806.062 0.0000000 0.0000000 0.0000000 0.0000000 0.0000000 0.0000000 0.0000000 0.0000000 0.0000000 28.484375 57.343750 86.910156 116.95312 147.86719 179.08594 211.00000 243.59766 276.74609 310.47656 344.88281 379.89453 415.39844 451.58594 488.29688 525.56641 563.56641 602.16406 641.21484 681.05859 668.55078 658.68750 651.05469 645.28125 641.12500 638.34375 636.75391 636.18750 636.51953 637.64844 639.44922 641.87500 644.82812 648.25391 652.11328 656.33594 660.11719 664.10938 667.44922 670.89062 675.34375 679.96094 684.70312 689.57422 695.58203 701.72656 708.00000 714.40625 720.91016 727.51562 734.19531 740.96875 747.80469 754.69531 761.62500 2.1662800
81.6000 -46883.703 0.0000000 0.0000000 0.0000000 0.0000000 0.0000000 0.0000000 0.0000000 0.0000000 0.0000000 22.734375 46.023438 69.847656 94.343750 119.24609 144.76562 170.85938 197.61719 224.86719 252.67969 281.07422 309.94922 339.49609 369.63672 400.29688 431.48438 463.33203 495.62109 528.60547 562.14453 551.98828 544.05078 538.01172 533.59766 530.57031 528.75391 527.98828 528.14844 529.12500 530.80078 533.12500 536.00391 539.37109 543.19922 547.42969 552.00391 556.05859 560.31641 563.85156 567.50391 572.21094 577.05859 582.04297 587.14453 593.41797 599.83984 606.39062 613.05859 619.84375 626.70703 633.66797 640.69141 647.78906 654.95312 662.14844 2.1282139
81.8000 -46905.461 0.0000000 0.0000000 0.0000000 0.0000000 0.0000000 0.0000000 0.0000000 0.0000000 0.0000000 21.023438 42.289062 63.855469 85.921875 108.24609 131.15234 154.18359 177.80469 201.55469 225.87891 250.50781 275.48438 300.81641 326.47656 352.50781 379.02344 405.80859 432.90234 460.48047 488.26172 482.68359 478.61328 475.84766 474.22656 473.59766 473.83594 474.84766 476.53516 478.82812 481.64844 484.93750 488.64844 492.74609 497.16797 501.90234 506.90234 511.26172 515.76953 519.47266 523.27344 528.12109 533.08203 538.15234 543.31641 549.62109 556.02734 562.55859 569.16016 575.84766 582.60938 589.42188 596.30859 603.24609 610.21484 617.22266 2.1511705
82.0000 -46616.641 0.0000000 0.0000000 0.0000000 0.0000000 0.0000000 0.0000000 0.0000000 0.0000000 0.0000000 31.843750 63.945312 96.500000 129.39453 162.71484 196.35547 230.36328 264.87109 299.62500 334.89453 370.35938 406.28125 442.52344 479.32422 516.39844 553.76172 591.56641 629.80469 668.25391 707.22656 697.81641 690.55469 685.11719 681.25391 678.74219 677.42188 677.12891 677.74609 679.15234 681.26953 684.00781 687.30078 691.08984 695.31641 699.93359 704.89844 709.28516 713.87500 717.66797 721.58594 726.61719 731.78906 737.08984 742.51562 749.18359 755.99609 762.93750 769.98438 777.14844 784.39844 791.73828 799.15234 806.63672 814.17578 821.75391 2.1604924
82.2000 -46509.645 0.0000000 0.0000000 0.0000000 0.0000000 0.0000000 0.0000000 0.0000000 0.0000000 0.0000000 24.894531 50.320312 76.191406 102.66406 129.58594 157.07812 185.04688 213.44922 242.49609 271.95312 301.96875 332.38672 363.51172 395.07812 427.04297 459.58984 492.57422 526.19531 560.17188 594.80859 585.61719 578.46484 573.03906 569.12109 566.49219 564.97266 564.44141 564.76562 565.84766 567.61328 569.95312 572.82812 576.15625 579.91016 584.03125 588.49609 592.42969 596.57422 600.00391 603.55078 608.09375 612.80078 617.62109 622.57031 628.61719 634.82422 641.15234 647.58984 654.13281 660.75781 667.47656 674.25781 681.10156 688.01172 694.94922 2.1849787
82.4000 -46866.246 0.0000000 0.0000000 0.0000000 0.0000000 0.0000000 0.0000000 0.0000000 0.0000000 0.0000000 25.527344 51.691406 78.308594 105.54688 133.25781 161.49219 190.26562 219.42969 249.23047 279.46875 310.36719 341.70703 373.55859 405.94141 438.97656 472.39062 506.27344 540.83984 575.77344 611.28516 604.33203 599.12500 595.40234 592.97656 591.65625 591.31641 591.80859 593.04297 594.93359 597.39453 600.36719 603.78516 607.60547 611.78516 616.28125 621.07422 625.24609 629.58984 633.17188 636.83203 641.53906 646.34766 651.28125 656.28906 662.43359 668.68750 675.03516 681.49609 688.02734 694.63281 701.31250 708.04297 714.82422 721.65625 728.51562 2.1747732
82.6000 -46301.121 0.0000000 0.0000000 0.0000000 0.0000000 0.0000000 0.0000000 0.0000000 0.0000000 0.0000000 25.921875 52.246094 79.000000 106.30078 133.97266 162.10156 190.66406 219.75391 249.33984 279.41406 309.85156 340.88281 372.14062 403.96484 436.28906 469.04297 502.29688 535.86719 570.03906 604.63281 596.07422 589.50781 584.61719 581.17969 578.98438 577.86719 577.68359 578.33203 579.67578 581.67578 584.21484 587.25781 590.73828 594.61328 598.83594 603.37109 607.35938 611.52344 614.96094 618.50781 623.06641 627.75000 632.54688 637.44922 643.46094 649.58594 655.82422 662.17188 668.61719 675.12109 681.71094 688.37500 695.08594 701.84375 708.63281 2.2194903
82.8000 -46876.980 0.0000000 0.0000000 0.0000000 0.0000000 0.0000000 0.0000000 0.0000000 0.0000000 0.0000000 24.121094 48.824219 74.019531 99.992188 126.54297 153.79688 181.65234 210.10938 239.22656 269.00000 299.32812 330.39453 362.05859 394.31250 427.31641 460.82031 494.94922 529.77344 565.34766 601.41797 592.79297 586.38281 581.81250 578.78906 577.08594 576.50391 576.89062 578.10156 580.05078 582.62891 585.75000 589.37109 593.42578 597.87109 602.63281 607.72266 612.16406 616.76562 620.56641 624.45703 629.44141 634.54297 639.75391 645.07422 651.58203 658.19922 664.92578 671.75000 678.64844 685.62891 692.68359 699.78906 706.94922 714.16016 721.38672 2.1615002
83.0000 -46664.234 0.0000000 0.0000000 0.0000000 0.0000000 0.0000000 0.0000000 0.0000000 0.0000000 0.0000000 27.843750 56.347656 85.382812 114.93359 145.07422 175.76953 207.06250 238.85547 271.23047 304.16016 337.78516 371.83203 406.46875 441.72656 477.46484 513.72656 550.67188 588.24219 626.13281 664.73047 654.34375 646.24219 640.05859 635.53125 632.41406 630.52344 629.67578 629.75781 630.63672 632.21484 634.42188 637.17188 640.40234 644.06641 648.10938 652.49219 656.37500 660.45312 663.84766 667.33594 671.82422 676.46094 681.22266 686.09375 692.08203 698.20312 704.44141 710.79297 717.23438 723.76562 730.37109 737.05078 743.78906 750.57422 757.40625 2.1722491
83.2000 -46482.461 0.0000000 0.0000000 0.0000000 0.0000000 0.0000000 0.0000000 0.0000000 0.0000000 0.0000000 23.136719 46.628906 70.562500 95.167969 120.05078 145.37109 171.35938 197.65625 224.50391 251.81250 279.63672 307.73828 336.54297 365.66797 395.36328 425.39844 456.14062 487.15625 518.66016 550.71094 540.77734 532.98438 527.00781 522.58984 519.51172 517.59375 516.69922 516.68359 517.42578 518.85938 520.89453 523.45312 526.50000 529.96484 533.78906 537.96094 541.65625 545.54297 548.78125 552.11328 556.42188 560.85938 565.42969 570.10156 575.85156 581.73047 587.73047 593.84375 600.05078 606.34375 612.71484 619.15234 625.65625 632.21484 638.80859 2.1884325
83.4000 -46674.777 0.0000000 0.0000000 0.0000000 0.0000000 0.0000000 0.0000000 0.0000000 0.0000000 0.0000000 26.269531 53.007812 80.363281 108.53125 137.19922 166.62500 196.72656 227.23828 258.43750 290.23047 322.70703 355.88281 389.49609 423.75000 458.77734 494.35547 530.58984 567.42188 604.92969 642.99219 636.76562 632.17188 628.99219 627.03125 626.13281 626.13281 626.95312 628.47656 630.61719 633.32031 636.51172 640.13672 644.14844 648.51172 653.17969 658.12500 662.43750 666.91406 670.58594 674.34375 679.16797 684.09766 689.13281 694.26953 700.54688 706.92578 713.41406 720.00000 726.65625 733.39062 740.18750 747.03906 753.94141 760.91406 767.88672 2.1591063
83.6000 -46677.395 0.0000000 0.0000000 0.0000000 0.0000000 0.0000000 0.0000000 0.0000000 0.0000000 0.0000000 24.652344 49.675781 75.265625 100.93750 127.17969 153.70312 180.75391 208.14062 235.91797 264.08594 292.64844 321.54688 350.82812 380.52344 410.58594 441.07031 471.88281 503.14062 534.75000 566.76172 556.10547 548.16406 542.40625 538.47266 536.01562 534.84375 534.74609 535.57812 537.21094 539.54688 542.48047 545.97266 549.91797 554.28906 559.03125 564.09375 568.54688 573.19531 577.02734 580.94922 585.99609 591.16797 596.46484 601.87109 608.49219 615.24219 622.11719 629.08594 636.14844 643.30078 650.52344 657.81641 665.16406 672.57422 680.00000 2.1613054
83.8000 -46414.430 0.0000000 0.0000000 0.0000000 0.0000000 0.0000000 0.0000000 0.0000000 0.0000000 0.0000000 27.195312 55.000000 83.347656 112.17188 141.51953 171.44141 201.80469 232.77344 264.21094 296.17578 328.80469 361.72266 395.30469 429.39844 464.05469 499.15625 534.82422 571.10547 607.77344 645.03906 638.07031 632.78906 628.94922 626.34766 624.82812 624.24219 624.47266 625.42969 627.01953 629.16016 631.80859 634.90234 638.38281 642.22266 646.35938 650.78516 654.67188 658.70703 662.05078 665.48047 669.87891 674.38672 679.00391 683.71484 689.49609 695.37891 701.38281 707.46094 713.63281 719.87891 726.19141 732.55859 738.98828 745.45312 751.95703 2.1509285
84.0000 -46337.047 0.0000000 0.0000000 0.0000000 0.0000000 0.0000000 0.0000000 0.0000000 0.0000000 0.0000000 21.457031 43.613281 66.019531 88.886719 112.28125 136.01953 160.18359 184.81641 209.94531 235.41016 261.35938 287.90234 314.71875 341.95312 369.66797 397.78516 426.41016 455.48047 484.96875 514.85938 509.55859 505.65234 502.94531 501.29297 500.55469 500.64062 501.42969 502.86328 504.87500 507.37109 510.32031 513.67969 517.39453 521.43359 525.76953 530.36328 534.36328 538.51953 541.93750 545.44922 549.94141 554.52344 559.23828 564.03125 569.89453 575.85156 581.92969 588.08594 594.33594 600.64062 607.02344 613.44922 619.94141 626.46094 633.02734 2.1997931
84.2000 -46217.875 0.0000000 0.0000000 0.0000000 0.0000000 0.0000000 0.0000000 0.0000000 0.0000000 0.0000000 27.519531 55.472656 84.058594 113.13281 142.81641 172.95703 203.76172 235.07422 266.92578 299.26953 332.29297 365.71484 399.66016 434.28516 469.36328 505.03125 541.36719 577.99219 615.34766 653.18359 644.50781 637.84766 632.88672 629.38281 627.14062 625.97656 625.75391 626.36719 627.68750 629.64062 632.14453 635.15234 638.59766 642.43750 646.61719 651.10547 655.05078 659.17578 662.58984 666.10547 670.62500 675.25000 679.99609 684.85938 690.81250 696.87891 703.05469 709.33594 715.70703 722.14453 728.66406 735.25391 741.88281 748.57812 755.29297 2.2163031
84.4000 -46453.926 0.0000000 0.0000000 0.0000000 0.0000000 0.0000000 0.0000000 0.0000000 0.0000000 0.0000000 24.671875 50.011719 75.964844 102.51562 129.77734 157.71484 186.21484 215.40234 245.14453 275.60938 306.67969 338.42969 370.81641 403.71484 437.45703 471.78906 506.81641 542.19141 578.58984 615.30469 606.52734 599.77734 594.75391 591.22266 588.96875 587.83203 587.65625 588.32812 589.75000 591.82422 594.48047 597.63672 601.25000 605.28516 609.66406 614.37891 618.50391 622.82812 626.40234 630.08594 634.80078 639.64844 644.61328 649.69531 655.92188 662.27734 668.73047 675.30469 681.96484 688.71484 695.52734 702.40234 709.33594 716.33594 723.35547 2.1619663
84.6000 -46389.410 0.0000000 0.0000000 0.0000000 0.0000000 0.0000000 0.0000000 0.0000000 0.0000000 0.0000000 29.589844 59.468750 89.792969 120.34766 151.37891 182.66406 214.31250 246.39062 278.86328 311.62109 344.79688 378.23047 412.02344 446.20703 480.85938 515.67969 550.94141 586.51172 622.51562 658.79688 646.76562 637.10156 629.46094 623.58203 619.22656 616.19531 614.31641 613.46094 613.50781 614.34375 615.87109 618.03516 620.75391 623.96875 627.62500 631.68359 635.33984 639.22656 642.47656 645.86719 650.25000 654.80078 659.50391 664.34375 670.32812 676.48047 682.77344 689.20312 695.75781 702.41406 709.16406 716.00781 722.94141 729.93750 736.98047 2.1737838
84.8000 -47072.891 0.0000000 0.0000000 0.0000000 0.0000000 0.0000000 0.0000000 0.0000000 0.0000000 0.0000000 26.175781 52.910156 80.222656 108.14062 136.61328 165.66016 195.27734 225.34375 256.18359 287.30469 319.35938 351.82422 384.75781 418.26953 452.44141 487.14453 522.43359 558.21875 594.65234 631.56250 623.76562 618.05859 614.07031 611.48438 610.08203 609.68750 610.14453 611.33594 613.17578 615.57422 618.46094 621.78906 625.48828 629.53125 633.87109 638.46875 642.49609 646.66406 650.09766 653.62109 658.11328 662.73047 667.42969 672.23438 678.09766 684.07031 690.14062 696.28125 702.50781 708.79688 715.14453 721.55859 728.00781 734.49609 741.01953 2.1571569
85.0000 -46942.270 0.0000000 0.0000000 0.0000000 0.0000000 0.0000000 0.0000000 0.0000000 0.0000000 0.0000000 24.164062 48.925781 74.402344 100.30469 126.79297 153.71484 181.35938 209.49609 237.99219 267.17969 297.06250 327.22656 358.09375 389.47656 421.39453 453.87891 486.94531 520.40234 554.54297 589.15234 582.94531 578.33594 575.12109 573.10156 572.13672 572.09375 572.85547 574.33984 576.45312 579.13281 582.31250 585.93750 589.96484 594.35938 599.06641 604.06250 608.42969 612.95703 616.68750 620.52344 625.41406 630.42969 635.56250 640.80078 647.19922 653.72656 660.35547 667.08203 673.89844 680.79688 687.76172 694.79688 701.87891 709.02344 716.18750 2.1544476
85.2000 -46484.766 0.0000000 0.0000000 0.0000000 0.0000000 0.0000000 0.0000000 0.0000000 0.0000000 0.0000000 23.859375 48.402344 73.453125 99.042969 125.23438 152.09766 179.59375 207.55469 236.19531 265.38672 295.07422 325.54297 356.45312 387.98828 420.21094 452.93359 486.19531 520.16406 554.73438 589.82031 582.35547 576.65625 572.50781 569.68359 568.00000 567.32812 567.54297 568.53516 570.23047 572.51562 575.34375 578.64453 582.38672 586.51562 590.97656 595.75000 599.93750 604.29688 607.91016 611.60938 616.36719 621.24219 626.24609 631.35547 637.60547 643.98828 650.48828 657.09375 663.77734 670.55469 677.39844 684.32031 691.28516 698.32031 705.37891 2.2076368
85.4000 -46451.027 0.0000000 0.0000000 0.0000000 0.0000000 0.0000000 0.0000000 0.0000000 0.0000000 0.0000000 24.898438 50.281250 76.417969 103.02344 130.04688 157.71484 186.03516 214.86328 244.28906 274.31250 304.80469 335.91406 367.63281 399.93750 432.68750 465.98828 499.92578 534.46875 569.57812 605.26172 598.11719 592.84766 589.13672 586.77734 585.55078 585.32031 585.95312 587.32422 589.36328 591.97656 595.09375 598.65625 602.63281 606.95703 611.59766 616.51953 620.81641 625.26172 628.93359 632.68750 637.50781 642.42188 647.45312 652.57422 658.84375 665.21094 671.67969 678.25781 684.90625 691.62109 698.41406 705.24609 712.14453 719.08203 726.05078 2.1687074
85.6000 -46045.590 0.0000000 0.0000000 0.0000000 0.0000000 0.0000000 0.0000000 0.0000000 0.0000000 0.0000000 24.644531 49.804688 75.558594 101.95703 128.89062 156.50781 184.74219 213.42578 242.89062 272.94141 303.51953 334.72656 366.57422 398.96484 432.04688 465.51562 499.99609 534.75391 570.25391 606.24219 597.12109 589.98438 584.55469 580.59375 577.89844 576.32031 575.71094 575.96094 576.94922 578.60547 580.85156 583.60938 586.84375 590.47656 594.49609 598.85156 602.69922 606.73438 610.09766 613.54688 617.99609 622.59375 627.31250 632.14844 638.07031 644.14844 650.35547 656.64062 663.05078 669.54297 676.11328 682.75391 689.45312 696.22656 703.01953 2.2001076
85.8000 -46716.875 0.0000000 0.0000000 0.0000000 0.0000000 0.0000000 0.0000000 0.0000000 0.0000000 0.0000000 28.625000 57.562500 86.953125 116.69141 146.75000 177.20312 208.00781 239.01953 270.57422 302.48828 334.69531 367.18750 400.19531 433.47656 467.02734 501.02734 535.34375 570.05859 605.12500 640.50391 627.61719 617.51172 609.69922 603.76562 599.44141 596.46875 594.63672 593.81641 593.84766 594.63281 596.07422 598.09766 600.62109 603.61328 606.98438 610.71875 614.08203 617.63672 620.60547 623.69531 627.68359 631.83594 636.10547 640.49219 645.89453 651.43750 657.11328 662.89453 668.79297 674.78125 680.85547 686.98438 693.19531 699.45703 705.75391 2.1478364
86.0000 -47027.992 0.0000000 0.0000000 0.0000000 0.0000000 0.0000000 0.0000000 0.0000000 0.0000000 0.0000000 29.511719 59.324219 89.667969 120.36328 151.56250 183.17188 215.12891 247.66797 280.56250 313.85547 347.67969 381.90234 416.55859 451.76953 487.34766 523.33203 559.70703 596.60547 634.03516 671.73047 661.19922 653.01953 646.80078 642.25391 639.12109 637.20312 636.34766 636.39844 637.25391 638.82031 640.99609 643.71875 646.94141 650.58984 654.60938 658.97656 662.85938 666.92188 670.29688 673.79297 678.27734 682.91016 687.67188 692.55078 698.53516 704.65625 710.91406 717.27344 723.73828 730.27734 736.90625 743.60547 750.37109 757.19531 764.04297 2.1295211
86.2000 -46355.062 0.0000000 0.0000000 0.0000000 0.0000000 0.0000000 0.0000000 0.0000000 0.0000000 0.0000000 27.378906 55.121094 83.132812 111.47656 140.20312 169.08203 198.36328 227.91016 257.80469 287.98047 318.60547 349.49219 380.58594 412.12891 443.81250 475.92188 508.32031 541.08594 574.05078 607.44141 599.12500 592.80469 588.17188 584.98828 583.05859 582.21875 582.32422 583.24609 584.89453 587.19531 590.05469 593.40625 597.21484 601.41406 605.96875 610.83984 615.11719 619.57031 623.24609 627.03906 631.88281 636.85547 641.95703 647.16406 653.53906 660.05469 666.66406 673.38281 680.19141 687.08984 694.05078 701.08984 708.17188 715.32031 722.49219 2.1848376
86.4000 -46755.418 0.0000000 0.0000000 0.0000000 0.0000000 0.0000000 0.0000000 0.0000000 0.0000000 0.0000000 26.109375 52.625000 79.808594 107.62109 136.13281 165.10547 194.68359 225.00391 255.81641 287.37891 319.46484 352.25000 385.55078 419.57422 454.12500 489.26562 525.01953 561.51953 598.44141 636.10938 625.71875 617.79688 611.91797 607.73047 604.96484 603.42188 602.90234 603.29688 604.47266 606.31641 608.76562 611.73828 615.16406 619.00000 623.20312 627.71484 631.71094 635.89062 639.34766 642.90625 647.47266 652.17578 656.99609 661.92578 667.97266 674.14062 680.42969 686.81641 693.30078 699.87500 706.51953 713.21875 719.98438 726.79297 733.63672 2.1775370
86.6000 -46820.348 0.0000000 0.0000000 0.0000000 0.0000000 0.0000000 0.0000000 0.0000000 0.0000000 0.0000000 25.125000 50.691406 76.656250 103.17578 129.94531 157.32812 185.15625 213.39844 242.10547 271.21094 300.74609 330.80469 361.26562 392.21094 423.64844 455.43359 487.64062 520.44531 553.63281 587.23047 578.07031 571.06250 565.86328 562.20703 559.82812 558.57812 558.29297 558.85156 560.12109 562.04688 564.51953 567.50000 570.91016 574.72266 578.88672 583.34766 587.26953 591.38672 594.77344 598.27734 602.75391 607.37891 612.10547 616.94141 622.86719 628.92188 635.07031 641.34375 647.69922 654.12109 660.62500 667.18359 673.80859 680.47656 687.17578 2.1492510
86.8000 -46832.754 0.0000000 0.0000000 0.0000000 0.0000000 0.0000000 0.0000000 0.0000000 0.0000000 0.0000000 23.714844 47.828125 72.199219 96.890625 121.88281 147.26953 173.12891 199.20703 225.67578 252.41406 279.51172 307.01562 334.75391 363.01172 391.41797 420.25000 449.46094 478.93359 508.79297 539.00391 534.46484 531.31641 529.37891 528.50000 528.53906 529.41016 530.99219 533.20703 535.98828 539.26953 542.99219 547.12500 551.60547 556.41016 561.49219 566.84375 571.48828 576.26172 580.19531 584.19531 589.30469 594.53125 599.83984 605.25000 611.84766 618.55469 625.35938 632.23828 639.20312 646.24219 653.33594 660.48828 667.68750 674.92969 682.19922 2.1701717
87.0000 -46268.355 0.0000000 0.0000000 0.0000000 0.0000000 0.0000000 0.0000000 0.0000000 0.0000000 0.0000000 27.867188 56.285156 85.312500 115.10156 145.44922 176.51172 208.21875 240.57031 273.48047 307.02734 341.23438 376.05859 411.62891 447.66797 484.50781 522.05469 560.03125 598.82031 638.12891 678.09766 664.38281 653.59766 645.24609 638.93359 634.33203 631.18359 629.29688 628.50000 628.63672 629.60156 631.26562 633.56641 636.42969 639.78906 643.57812 647.76172 651.51172 655.47656 658.79297 662.23438 666.66797 671.27734 676.01562 680.88672 686.89844 693.05859 699.35547 705.77734 712.31250 718.94141 725.66016 732.45312 739.32422 746.25391 753.22266 2.2050972
87.2000 -46405.559 0.0000000 0.0000000 0.0000000 0.0000000 0.0000000 0.0000000 0.0000000 0.0000000 0.0000000 28.250000 56.859375 85.835938 115.10547 144.79688 174.83984 205.22656 236.01953 267.14062 298.47266 330.42578 362.54688 395.00781 427.92188 461.10547 494.65234 528.64844 562.95312 597.62891 632.56641 626.33203 621.69922 618.45312 616.40625 615.44531 615.40234 616.18359 617.68750 619.84375 622.57422 625.82422 629.51953 633.62891 638.10938 642.91406 648.01562 652.46094 657.08984 660.90234 664.80469 669.80078 674.92188 680.16016 685.50000 692.03906 698.69141 705.45703 712.30859 719.27734 726.30469 733.41797 740.59766 747.81641 755.10547 762.41016 2.1921110
87.4000 -46502.770 0.0000000 0.0000000 0.0000000 0.0000000 0.0000000 0.0000000 0.0000000 0.0000000 0.0000000 24.832031 50.242188 76.339844 103.01172 130.07812 157.81250 186.06641 214.94922 244.47266 274.53516 305.17578 336.30859 367.99219 400.39062 433.25000 466.70312 500.89062 535.38281 570.64062 606.39062 599.87500 595.04297 591.66797 589.53125 588.48828 588.39453 589.11328 590.56641 592.66016 595.30859 598.46875 602.06641 606.06250 610.41016 615.07812 620.01953 624.32812 628.80859 632.50000 636.28125 641.10156 646.05078 651.10938 656.25781 662.55469 668.96875 675.48047 682.08594 688.78125 695.54297 702.37500 709.25781 716.20703 723.19141 730.20703 2.1805825
87.6000 -46896.805 0.0000000 0.0000000 0.0000000 0.0000000 0.0000000 0.0000000 0.0000000 0.0000000 0.0000000 25.347656 51.082031 77.128906 103.49609 130.29297 157.31641 184.68750 212.42188 240.46094 268.87500 297.60156 326.63672 356.03125 385.78516 415.77734 446.22266 476.90234 507.95312 539.37109 571.08984 563.67969 558.13672 554.17578 551.54688 550.08984 549.63672 550.03516 551.20312 553.02344 555.42578 558.33984 561.70312 565.47656 569.59375 574.03516 578.76953 582.89844 587.18359 590.73047 594.34766 598.98438 603.73828 608.60156 613.55859 619.61719 625.78906 632.06641 638.43359 644.87109 651.38672 657.96484 664.60156 671.28906 678.03125 684.78906 2.1418366
87.8000 -46880.465 0.0000000 0.0000000 0.0000000 0.0000000 0.0000000 0.0000000 0.0000000 0.0000000 0.0000000 29.265625 59.050781 89.402344 120.25781 151.67969 183.52344 215.95312 248.82031 282.32812 316.19141 350.68359 385.76562 421.30859 457.29688 493.94922 530.95312 568.56641 606.74219 645.35938 684.53516 673.35938 664.50000 657.66016 652.51953 648.89453 646.56250 645.37891 645.18359 645.85547 647.31250 649.44141 652.18750 655.46875 659.23047 663.42188 668.00781 672.08594 676.38281 679.96094 683.66016 688.44531 693.37109 698.46484 703.66406 710.08984 716.65625 723.37109 730.21094 737.16406 744.22266 751.36328 758.58594 765.89844 773.25000 780.67188 2.1206067
88.0000 -46771.387 0.0000000 0.0000000 0.0000000 0.0000000 0.0000000 0.0000000 0.0000000 0.0000000 0.0000000 30.332031 60.976562 92.203125 123.90625 156.12109 188.62500 221.64844 255.24219 289.33984 323.89453 358.89453 394.38672 430.31641 466.78516 503.68359 541.08203 578.96875 617.21484 656.15234 695.37891 685.16406 677.23438 671.20312 666.80469 663.80078 662.00391 661.22656 661.37109 662.30078 663.92188 666.14844 668.92188 672.16797 675.83984 679.88281 684.26172 688.13672 692.20703 695.58984 699.07031 703.55469 708.17578 712.92578 717.78516 723.74609 729.83984 736.05859 742.37109 748.79688 755.30469 761.87500 768.53125 775.24609 782.01172 788.80859 2.1614556
88.2000 -46665.184 0.0000000 0.0000000 0.0000000 0.0000000 0.0000000 0.0000000 0.0000000 0.0000000 0.0000000 23.632812 47.757812 72.488281 97.601562 123.10938 149.18750 175.81641 202.87109 230.39844 258.39453 286.94922 315.90625 345.39844 375.20703 405.72656 436.48047 467.91797 499.80859 532.17188 564.96094 554.46484 546.59766 540.86328 536.89453 534.38281 533.12109 532.91016 533.62500 535.13281 537.32031 540.11328 543.44141 547.22266 551.42578 555.98828 560.88281 565.18359 569.66406 573.37109 577.17969 582.07422 587.09375 592.21875 597.48047 603.90234 610.45703 617.13281 623.91016 630.77344 637.71484 644.73047 651.81641 658.97266 666.16797 673.39062 2.1318402
88.4000 -46555.047 0.0000000 0.0000000 0.0000000 0.0000000 0.0000000 0.0000000 0.0000000 0.0000000 0.0000000 29.472656 59.449219 90.269531 121.43750 153.32422 185.81250 218.89062 252.53125 286.67578 321.58203 356.97656 392.98047 429.54297 466.72656 504.50781 542.89844 581.85156 621.35547 661.54688 702.22266 689.11719 678.91406 671.10156 665.25781 661.08594 658.30078 656.74219 656.21094 656.58594 657.73828 659.58594 662.02734 665.00391 668.46094 672.31641 676.55859 680.35547 684.33984 687.67578 691.12891 695.58594 700.18750 704.93750 709.81250 715.80859 721.94922 728.23047 734.62109 741.13281 747.73828 754.42188 761.18750 768.01562 774.91016 781.84766 2.2013731
88.6000 -46488.309 0.0000000 0.0000000 0.0000000 0.0000000 0.0000000 0.0000000 0.0000000 0.0000000 0.0000000 28.777344 58.031250 88.058594 118.36328 149.22266 180.77734 212.72656 245.28516 278.27344 311.87500 346.03125 380.65625 415.88281 451.58984 487.91016 524.66406 561.95703 599.83984 638.18750 677.10156 667.08984 659.35156 653.51562 649.28125 646.43359 644.76953 644.12500 644.36719 645.39453 647.11328 649.42578 652.26953 655.60156 659.34766 663.46484 667.91406 671.85156 675.98828 679.41406 682.94531 687.49219 692.17188 696.98438 701.91406 707.95312 714.13281 720.42969 726.84766 733.34766 739.93750 746.60156 753.34766 760.14453 767.01562 773.89844 2.1895361
88.8000 -46473.730 0.0000000 0.0000000 0.0000000 0.0000000 0.0000000 0.0000000 0.0000000 0.0000000 0.0000000 27.253906 54.980469 83.082031 111.76953 140.68359 170.17578 199.90234 230.13281 260.84375 291.90234 323.47656 355.47266 387.84766 420.66406 453.88672 487.48047 521.54688 556.05469 590.91797 626.35547 617.93359 611.71875 607.30859 604.40234 602.76562 602.21094 602.57031 603.73047 605.58984 608.05859 611.05469 614.52344 618.40234 622.63672 627.20703 632.06250 636.31641 640.71875 644.36719 648.08984 652.86719 657.75000 662.74219 667.83984 674.06641 680.40625 686.86328 693.40625 700.02734 706.72266 713.49219 720.31250 727.18750 734.10938 741.05859 2.1931603
89.0000 -47078.711 0.0000000 0.0000000 0.0000000 0.0000000 0.0000000 0.0000000 0.0000000 0.0000000 0.0000000 26.800781 53.898438 81.582031 109.83203 138.60547 168.03516 197.98828 228.39453 259.35156 290.89062 322.96875 355.60938 388.75391 422.49609 456.67969 491.48047 526.81250 562.67969 599.08594 636.00391 628.59375 622.94922 618.81641 615.99219 614.29688 613.60547 613.78906 614.73438 616.35156 618.58203 621.32422 624.55078 628.19531 632.21875 636.58203 641.24219 645.33203 649.60156 653.12891 656.73828 661.38281 666.16016 671.04688 676.02734 682.14062 688.38672 694.72656 701.17578 707.71875 714.32422 721.01172 727.77734 734.58594 741.45312 748.33984 2.1394985
89.2000 -46896.137 -0.0039062500 -0.0039062500 -0.0039062500 -0.0039062500 -0.0039062500 0.0000000 0.0000000 -0.0039062500 -0.0039062500 26.238281 53.019531 80.343750 108.03906 136.35938 165.16016 194.55859 224.36328 254.73828 285.59375 317.02734 348.99219 381.47266 414.41406 447.83203 481.83594 516.40234 551.33984 586.88672 622.94141 612.60156 604.45312 598.22266 593.59766 590.37500 588.35156 587.37891 587.33203 588.08984 589.55078 591.62891 594.27734 597.41406 600.98047 604.94531 609.25391 613.08594 617.10547 620.46484 623.91406 628.38281 632.98828 637.73438 642.58203 648.54688 654.65234 660.89062 667.24219 673.69531 680.24219 686.86328 693.56250 700.32812 707.14844 714.00781 2.1665325
89.4000 -46905.801 0.0000000 0.0000000 0.0000000 0.0000000 0.0000000 0.0000000 0.0000000 0.0000000 0.0000000 24.343750 49.164062 74.347656 99.855469 125.74609 152.04297 178.69531 205.58594 233.00391 260.73047 288.83203 317.19141 345.98438 375.14453 404.67578 434.63281 465.05469 495.64062 526.62109 558.02734 549.13672 542.29297 537.18750 533.58203 531.27344 530.06250 529.85547 530.49219 531.87109 533.89844 536.52734 539.67188 543.25781 547.26562 551.61719 556.32031 560.44531 564.76562 568.33594 572.00781 576.73438 581.58594 586.56641 591.64844 597.87891 604.25000 610.72656 617.30859 623.98828 630.75781 637.60156 644.50781 651.47656 658.49219 665.54688 2.1682148
89.6000 -46823.266 0.0000000 0.0000000 0.0000000 0.0000000 0.0000000 0.0000000 0.0000000 0.0000000 0.0000000 26.648438 53.832031 81.515625 109.73047 138.49219 167.77734 197.72266 228.12891 258.96484 290.43750 322.53125 355.08594 388.16797 421.85547 456.03125 490.79688 526.03906 561.85156 598.32031 635.17969 624.26172 615.63672 608.94531 603.92969 600.32812 597.97656 596.68750 596.33984 596.81250 598.00781 599.83594 602.23047 605.10938 608.44141 612.16016 616.21875 619.85156 623.68750 626.87500 630.17188 634.43750 638.83203 643.36328 648.01562 653.73438 659.59766 665.57422 671.67969 677.87500 684.15625 690.52344 696.96484 703.46484 710.01953 716.61719 2.1897492
89.8000 -46526.461 0.0000000 0.0000000 0.0000000 0.0000000 0.0000000 0.0000000 0.0000000 0.0000000 0.0000000 29.125000 58.746094 88.621094 118.73438 149.26953 180.10547 211.35156 242.91797 274.78906 307.00000 339.47656 372.49219 405.69922 439.26562 473.05078 507.25391 541.80078 576.71484 611.90234 647.42969 636.33203 627.76562 621.30859 616.59375 613.37500 611.44531 610.62500 610.74609 611.71094 613.39844 615.72656 618.61328 622.02734 625.85938 630.09375 634.68359 638.75781 643.01953 646.56250 650.21484 654.92578 659.77344 664.75000 669.85156 676.10547 682.51172 689.04297 695.69141 702.44531 709.26172 716.18750 723.17188 730.22656 737.34375 744.49219 2.1673012
90.0000 -47375.258 0.0000000 0.0000000 0.0000000 0.0000000 0.0000000 0.0000000 0.0000000 0.0000000 0.0000000 26.156250 52.921875 80.414062 108.35547 136.99609 166.16406 196.06641 226.37891 257.40625 288.89062 321.17188 353.86719 387.23828 421.16016 455.77344 490.91406 526.63281 562.77344 599.82812 637.28125 626.59375 618.21875 611.83203 607.12891 603.87500 601.88672 600.99219 601.06641 601.97266 603.60547 605.89062 608.75391 612.11719 615.93750 620.17188 624.75391 628.81250 633.07422 636.62109 640.28125 645.00000 649.85156 654.84375 659.95312 666.23828 672.66016 679.20703 685.87500 692.64453 699.50391 706.44922 713.46484 720.53906 727.69141 734.86328 2.1311288
90.2000 -46723.613 0.0000000 0.0000000 0.0000000 0.0000000 0.0000000 0.0000000 0.0000000 0.0000000 0.0000000 22.742188 45.753906 69.125000 92.593750 116.32422 140.17578 164.38672 188.91406 213.58203 238.45703 263.66016 289.03516 314.64844 340.50781 366.54297 392.95312 419.42969 446.21094 473.35156 500.60156 493.31641 487.91016 484.11328 481.67188 480.38672 480.10938 480.67188 482.01172 484.00000 486.58203 489.65625 493.18359 497.11328 501.40234 506.01172 510.89453 515.15234 519.57422 523.22656 526.95312 531.73438 536.62500 541.62891 546.71094 552.94531 559.26953 565.71094 572.24219 578.84766 585.52734 592.27734 599.08594 605.93359 612.83984 619.76172 2.1896307
90.4000 -46820.977 0.0000000 0.0000000 0.0000000 0.0000000 0.0000000 0.0000000 0.0000000 0.0000000 0.0000000 26.914062 54.000000 81.417969 109.09766 137.03906 165.21094 193.80469 222.55859 251.60547 280.95312 310.52344 340.46875 370.58984 400.95703 431.57812 462.57422 493.85547 525.34375 557.23438 589.25000 584.32422 580.91016 578.79297 577.78516 577.72656 578.52344 580.03516 582.20312 584.92969 588.16406 591.84375 595.92969 600.36328 605.12109 610.15234 615.43750 620.01953 624.75391 628.63281 632.59766 637.63281 642.78906 648.04297 653.37891 659.88672 666.51562 673.23438 680.02344 686.89062 693.82812 700.82812 707.87500 714.96875 722.11719 729.28125 2.1552548
90.6000 -46747.621 0.0000000 0.0000000 0.0000000 0.0000000 0.0000000 0.0000000 0.0000000 0.0000000 0.0000000 28.964844 58.226562 87.855469 118.19922 148.88672 180.15625 212.02734 244.34766 277.11328 310.41406 344.18359 378.49219 413.38281 448.64453 484.51562 520.86719 557.64453 595.09766 633.01562 671.33203 659.88281 650.89844 643.98438 638.81641 635.15625 632.75000 631.45312 631.13281 631.64844 632.89453 634.78906 637.26172 640.23438 643.66016 647.48047 651.67188 655.39453 659.32031 662.60547 665.99609 670.37500 674.89844 679.54688 684.32812 690.21875 696.23828 702.39844 708.66797 715.03906 721.50781 728.06250 734.69922 741.39844 748.14453 754.93750 2.1576209
90.8000 -46925.980 0.0000000 0.0000000 0.0000000 0.0000000 0.0000000 0.0000000 0.0000000 0.0000000 0.0000000 28.746094 57.746094 86.996094 116.67188 146.61719 176.78516 207.35156 238.26562 269.43750 300.91797 332.58594 364.69922 397.03906 429.70312 462.63672 495.94922 529.46875 563.44531 597.56641 632.08984 621.87500 613.87109 607.73828 603.21875 600.07422 598.12500 597.20703 597.20312 597.98438 599.48438 601.58984 604.23438 607.37891 610.94922 614.89062 619.19141 623.00781 627.01172 630.34766 633.78516 638.23047 642.80469 647.51172 652.33203 658.26172 664.32812 670.52344 676.81641 683.22656 689.72266 696.29688 702.94141 709.65234 716.41016 723.22266 2.1378489
91.0000 -46744.777 0.0000000 0.0000000 0.0000000 0.0000000 0.0000000 0.0000000 0.0000000 0.0000000 0.0000000 31.031250 62.707031 94.820312 127.50391 160.72656 194.54297 228.91797 263.83984 299.23047 335.32812 371.86328 409.05859 446.70312 484.97656 523.80078 563.13672 602.96484 643.62891 684.62891 726.21094 717.31641 710.55078 705.57031 702.10156 699.93359 698.89062 698.82422 699.62109 701.15625 703.36328 706.14844 709.45312 713.21875 717.39453 721.93750 726.80469 731.08594 735.56250 739.26172 743.06250 747.94922 752.97266 758.11719 763.36719 769.81250 776.40234 783.09766 789.91016 796.81641 803.81250 810.87891 818.02344 825.24219 832.48438 839.78516 2.1594119
91.2000 -46597.965 0.0000000 0.0000000 0.0000000 0.0000000 0.0000000 0.0000000 0.0000000 0.0000000 0.0000000 26.359375 53.148438 80.351562 107.88672 135.84375 164.12109 192.68359 221.68750 251.03125 280.77734 310.86328 341.42969 372.10156 403.28906 434.94531 466.80469 499.07031 531.71875 564.61328 598.05469 589.58984 583.01562 578.07031 574.52344 572.19531 570.90625 570.55078 570.99609 572.17578 573.97266 576.32812 579.19922 582.50781 586.20703 590.25781 594.64453 598.50781 602.55859 605.91797 609.36328 613.81641 618.39844 623.10156 627.91797 633.82031 639.85547 646.01562 652.27734 658.63281 665.08984 671.60156 678.19141 684.85547 691.56250 698.30469 2.1706944
91.4000 -46618.129 0.0000000 0.0000000 0.0000000 0.0000000 0.0000000 0.0000000 0.0000000 0.0000000 0.0000000 31.527344 63.511719 95.812500 128.55078 161.76953 195.46484 229.40234 263.89844 298.71094 333.96484 369.68359 405.74219 442.28906 479.30078 516.67188 554.47266 592.66016 631.29688 670.40625 709.83594 698.01953 688.85938 681.91016 676.80469 673.25391 671.04688 669.97266 669.87500 670.64453 672.16406 674.33594 677.08984 680.35547 684.07422 688.17578 692.65234 696.62500 700.79297 704.26953 707.83984 712.44922 717.20312 722.08984 727.08594 733.24219 739.53125 745.94141 752.46875 759.09766 765.81641 772.62500 779.49609 786.42578 793.42969 800.45703 2.1508772
91.6000 -45990.711 0.0000000 0.0000000 0.0000000 0.0000000 0.0000000 0.0000000 0.0000000 0.0000000 0.0000000 24.148438 48.519531 73.656250 99.375000 125.67578 152.47656 179.69922 207.51172 236.02344 264.85156 294.36328 324.42188 355.00391 386.07422 417.91406 450.06641 482.82422 516.13672 549.99219 584.38672 577.50000 572.43359 568.90625 566.69141 565.60547 565.48828 566.21094 567.67969 569.78516 572.46875 575.66016 579.28125 583.30469 587.67188 592.35938 597.32031 601.65234 606.14062 609.82422 613.60938 618.44531 623.39062 628.43359 633.58594 639.87500 646.28125 652.77344 659.36719 666.03906 672.78125 679.58203 686.44922 693.35938 700.32812 707.30469 2.1727529
91.8000 -46598.016 0.0000000 0.0000000 0.0000000 0.0000000 0.0000000 0.0000000 0.0000000 0.0000000 0.0000000 24.367188 49.222656 74.628906 100.58594 127.06641 154.04297 181.72266 209.85156 238.55078 267.68750 297.39453 327.76172 358.65625 390.06641 422.06250 454.48047 487.49219 521.11719 555.21094 589.89844 580.47656 573.21094 567.76172 563.82031 561.19141 559.66797 559.10938 559.38281 560.39844 562.05469 564.27344 566.99609 570.14844 573.69922 577.60547 581.81641 585.53516 589.43750 592.67578 596.00000 600.29297 604.69922 609.23438 613.86719 619.56250 625.37891 631.31250 637.35156 643.46875 649.66797 655.94531 662.28516 668.68750 675.14062 681.62109 2.1940682
92.0000 -46702.438 0.0000000 0.0000000 0.0000000 0.0000000 0.0000000 0.0000000 0.0000000 0.0000000 0.0000000 23.820312 47.894531 72.324219 96.785156 121.61328 146.55078 171.75000 197.20703 222.82422 248.76562 274.81250 301.21875 327.85547 354.60938 381.66016 408.91406 436.39453 464.11328 492.00781 520.22656 511.98047 505.73047 501.17578 498.05078 496.15625 495.30859 495.37500 496.23828 497.79688 499.96484 502.67188 505.87109 509.46484 513.44922 517.76953 522.37500 526.42188 530.64453 534.12500 537.69531 542.28516 546.99609 551.81250 556.73438 562.76562 568.91797 575.16797 581.51953 587.94922 594.46484 601.05469 607.69141 614.39453 621.13672 627.91016 2.1625237
92.2000 -46241.398 0.0000000 0.0000000 0.0000000 0.0000000 0.0000000 0.0000000 0.0000000 0.0000000 0.0000000 29.691406 59.937500 90.628906 121.81641 153.35938 185.43359 217.99219 250.96484 284.49219 318.48047 352.94531 387.81250 423.17969 459.03906 495.37109 532.16797 569.45312 607.19531 645.37109 684.07422 669.07422 657.04688 647.49219 640.04688 634.37500 630.22266 627.36719 625.66406 624.96094 625.12500 626.04688 627.65234 629.84375 632.56250 635.75391 639.35938 642.66016 646.19141 649.16797 652.27734 656.32812 660.55078 664.92969 669.45312 675.04688 680.79688 686.71484 692.76172 698.93750 705.21484 711.59766 718.06250 724.61328 731.23438 737.89844 2.1631448
92.4000 -46628.594 0.0000000 0.0000000 0.0000000 0.0000000 0.0000000 0.0000000 0.0000000 0.0000000 0.0000000 30.167969 61.011719 92.164062 123.96875 156.31250 189.15234 222.60547 256.43750 290.94531 325.83984 361.33594 397.46094 433.89453 471.07422 508.69922 546.70312 585.43359 624.70703 664.35156 704.59766 694.65625 686.93750 681.08594 676.83594 673.96875 672.28125 671.62891 671.88672 672.92188 674.66016 677.00781 679.89453 683.26953 687.07031 691.25781 695.78125 699.78516 703.98828 707.47266 711.06250 715.69531 720.46484 725.36328 730.37500 736.52734 742.82422 749.23438 755.76562 762.39453 769.12109 775.91406 782.76953 789.70703 796.69141 803.72266 2.1598318
92.6000 -46629.680 0.0000000 0.0000000 0.0000000 0.0000000 0.0000000 0.0000000 0.0000000 0.0000000 0.0000000 29.019531 58.808594 89.027344 119.94922 151.49609 183.69141 216.58984 250.10156 284.17578 318.83984 354.23438 390.09766 426.81250 463.91016 501.73828 540.27344 579.31641 618.97266 659.42188 700.30859 687.98438 678.76562 671.97656 667.16016 663.94922 662.08203 661.34375 661.56641 662.61328 664.37891 666.75000 669.67188 673.06641 676.88281 681.07031 685.57422 689.56250 693.72266 697.18359 700.73438 705.30078 710.00391 714.82422 719.75000 725.80859 731.97656 738.26953 744.66797 751.14453 757.71484 764.34766 771.05469 777.82031 784.64453 791.48438 2.2015777
92.8000 -46863.320 0.0000000 0.0000000 0.0000000 0.0000000 0.0000000 0.0000000 0.0000000 0.0000000 0.0000000 28.738281 57.847656 87.484375 117.36719 147.75000 178.46094 209.63281 241.14844 272.94922 305.44922 338.21094 371.37500 404.80859 438.78906 473.14844 507.85156 542.94922 578.47656 614.38281 650.73438 639.21094 630.08594 623.01953 617.70312 613.89844 611.39844 610.05078 609.68750 610.20312 611.48047 613.44141 616.00781 619.09375 622.66016 626.64453 631.01953 634.91016 639.01953 642.44922 646.01172 650.59375 655.32422 660.20312 665.21094 671.37500 677.68750 684.15234 690.72266 697.41016 704.20312 711.07812 718.03906 725.06250 732.15625 739.28906 2.1869054
93.0000 -46627.824 0.0000000 0.0000000 0.0000000 0.0000000 0.0000000 0.0000000 0.0000000 0.0000000 0.0000000 23.957031 48.437500 73.195312 98.632812 124.48047 150.83594 177.66797 205.12891 232.95703 261.22266 290.03516 319.39453 349.14844 379.46875 410.14453 441.44922 473.25000 505.55859 538.22266 571.47266 561.62109 553.98047 548.22266 544.04688 541.27344 539.68359 539.14844 539.50391 540.68359 542.55859 545.04297 548.10156 551.64453 555.62891 560.00781 564.73047 568.91016 573.29688 576.92969 580.68359 585.49609 590.46875 595.57031 600.79297 607.21875 613.76562 620.45312 627.26172 634.16406 641.16406 648.25391 655.41797 662.64453 669.93359 677.25781 2.1556091
93.2000 -46162.938 0.0000000 0.0000000 0.0000000 0.0000000 0.0000000 0.0000000 0.0000000 0.0000000 0.0000000 27.078125 54.714844 82.800781 111.33594 140.48438 170.00000 200.11328 230.57031 261.58203 293.17578 325.13672 357.67188 390.51953 424.13281 458.01172 492.49609 527.41797 562.82422 598.75000 635.14844 627.97656 622.62891 618.82031 616.33594 614.96875 614.59375 615.07812 616.30859 618.19922 620.66016 623.64844 627.07422 630.92188 635.12891 639.64062 644.45703 648.65625 653.02734 656.63281 660.32422 665.05078 669.89844 674.85938 679.90625 686.08203 692.38672 698.78906 705.28516 711.86328 718.52734 725.25391 732.03125 738.86328 745.75781 752.66406 2.1917837
93.4000 -46692.191 0.0000000 0.0000000 0.0000000 0.0000000 0.0000000 0.0000000 0.0000000 0.0000000 0.0000000 29.132812 58.468750 88.050781 117.67188 147.64844 177.64844 207.87500 238.32031 268.93359 299.58984 330.69141 361.81641 393.05859 424.54688 456.35156 488.14844 520.19922 552.36719 584.69922 617.28906 605.12109 595.52344 588.08984 582.48438 578.48438 575.85547 574.39844 573.98047 574.46484 575.73047 577.71484 580.30469 583.44141 587.05469 591.10547 595.52734 599.48828 603.66016 607.14062 610.73828 615.38281 620.19141 625.14062 630.20703 636.45703 642.85938 649.40234 656.05859 662.82422 669.69141 676.65234 683.69141 690.80078 697.96094 705.18359 2.1903436
93.6000 -46625.203 0.0000000 0.0000000 0.0000000 0.0000000 0.0000000 0.0000000 0.0000000 0.0000000 0.0000000 25.425781 51.214844 77.148438 103.54297 130.32812 157.34375 184.73438 212.32812 240.38672 268.68750 297.35547 326.43750 355.73047 385.46094 415.48438 445.68359 476.50000 507.38281 538.80078 570.37891 561.71875 555.10547 550.20703 546.78906 544.61719 543.54297 543.41016 544.11328 545.51953 547.57812 550.18359 553.28516 556.83203 560.76953 565.04297 569.63672 573.67188 577.88672 581.35938 584.94141 589.54297 594.25781 599.09766 604.03906 610.08984 616.25781 622.54688 628.94531 635.42188 641.96875 648.60938 655.28125 662.03516 668.82812 675.65625 2.1568224
93.8000 -46920.547 0.0000000 0.0000000 0.0000000 0.0000000 0.0000000 0.0000000 0.0000000 0.0000000 0.0000000 28.816406 58.230469 88.093750 118.27734 149.03516 180.21094 211.88281 244.03516 276.55469 309.55859 343.12891 377.05469 411.57031 446.44141 481.77344 517.64844 553.90625 590.71094 627.83984 665.52734 652.46484 642.09766 633.97656 627.75391 623.16797 619.96484 617.97656 617.03125 617.00000 617.75781 619.23828 621.33984 623.98438 627.12109 630.68750 634.65234 638.21484 641.99609 645.16797 648.46094 652.72266 657.14062 661.71484 666.42188 672.21094 678.16016 684.25391 690.46094 696.78906 703.22266 709.73828 716.33203 723.00000 729.73828 736.51562 2.1836121
94.0000 -46390.750 0.0000000 0.0000000 0.0000000 0.0000000 0.0000000 0.0000000 0.0000000 0.0000000 0.0000000 22.101562 44.917969 68.359375 92.332031 117.01562 142.17578 167.98438 194.37891 221.31250 248.94531 277.08594 305.84375 335.17578 365.18359 395.74219 426.85547 458.54688 490.86328 523.78516 557.29297 549.93359 544.42969 540.51953 537.98047 536.63672 536.31641 536.91406 538.30469 540.39453 543.10938 546.37891 550.12109 554.31641 558.89062 563.81641 569.04688 573.62109 578.37891 582.29688 586.30859 591.45703 596.72656 602.11328 607.60938 614.32812 621.18750 628.14844 635.22266 642.37500 649.59766 656.92188 664.30078 671.73047 679.21875 686.73047 2.1844780
94.2000 -46225.070 0.0000000 0.0000000 0.0000000 0.0000000 0.0000000 0.0000000 0.0000000 0.0000000 0.0000000 29.964844 60.484375 91.472656 123.01562 154.99219 187.53906 220.48828 253.86719 287.70312 322.09766 357.04688 392.45703 428.19141 464.65234 501.48438 538.79297 576.56641 614.91016 653.58594 692.87891 680.15625 670.03125 662.09375 656.03125 651.57422 648.48438 646.61719 645.78125 645.85938 646.73047 648.30859 650.50781 653.25781 656.49609 660.15625 664.21875 667.86328 671.71484 674.94531 678.29297 682.63281 687.12109 691.76562 696.53125 702.39844 708.42969 714.59375 720.89453 727.29297 733.78906 740.37500 747.03906 753.78125 760.57812 767.42578 2.1688042
94.4000 -46535.262 0.0000000 0.0000000 0.0000000 0.0000000 0.0000000 0.0000000 0.0000000 0.0000000 0.0000000 23.253906 46.746094 70.578125 94.562500 119.08594 143.61328 168.52734 193.77344 219.17578 245.00391 271.00000 297.29297 323.95312 350.86328 378.01172 405.38281 433.16797 461.17578 489.37109 517.87500 510.21484 504.34766 500.03516 497.06641 495.26562 494.48438 494.60156 495.51953 497.11719 499.35156 502.11719 505.38281 509.08984 513.17969 517.60938 522.36328 526.52734 530.87891 534.47266 538.17188 542.91016 547.78906 552.78516 557.88672 564.13281 570.51562 577.00391 583.60938 590.30469 597.08594 603.92578 610.84375 617.81641 624.85156 631.91406 2.1859004
94.6000 -46749.082 0.0000000 0.0000000 0.0000000 0.0000000 0.0000000 0.0000000 0.0000000 0.0000000 0.0000000 24.734375 50.054688 75.671875 101.64844 128.00781 154.77734 181.94141 209.42188 237.41406 265.70312 294.30859 323.50000 352.89453 382.82812 413.01172 443.64453 474.67969 506.10938 537.89844 570.02734 561.74609 555.30859 550.43750 546.95312 544.65234 543.39453 543.04688 543.49609 544.66016 546.45703 548.80078 551.63672 554.92578 558.61719 562.64844 567.00000 570.83984 574.86719 578.21484 581.64844 586.07031 590.61719 595.30078 600.08594 605.96484 611.97266 618.10156 624.33203 630.66016 637.06250 643.55469 650.11328 656.72656 663.40625 670.10938 2.1466460
94.8000 -46768.355 0.0000000 0.0000000 0.0000000 0.0000000 0.0000000 0.0000000 0.0000000 0.0000000 0.0000000 30.992188 62.281250 94.097656 126.41797 159.14844 192.34766 225.97266 260.29688 294.91797 330.02344 365.55469 401.57812 438.09766 475.09375 512.46094 550.46875 588.90625 627.75000 667.03906 706.90625 697.27734 689.73828 683.96484 679.71094 676.76562 674.96484 674.13672 674.17969 674.98438 676.45312 678.50391 681.08594 684.12109 687.57812 691.39062 695.53906 699.22656 703.09375 706.30859 709.63281 713.91797 718.33203 722.86719 727.51562 733.23828 739.07422 745.05078 751.12891 757.28906 763.55078 769.89062 776.28906 782.76172 789.27734 795.83984 2.1896048
95.0000 -46420.246 0.0000000 0.0000000 0.0000000 0.0000000 0.0000000 0.0000000 0.0000000 0.0000000 0.0000000 28.414062 57.406250 86.945312 116.91797 147.38672 178.51562 210.08984 242.23047 274.91406 308.10938 341.68750 375.97656 410.78125 445.98438 481.78906 518.17188 554.94531 592.30859 630.23828 668.62891 663.16406 659.21875 656.56641 655.03516 654.51562 654.83203 655.92969 657.68359 660.03906 662.90234 666.23047 669.98828 674.10938 678.56641 683.31641 688.33203 692.69141 697.21094 700.92578 704.71875 709.56641 714.52734 719.58984 724.75000 731.03906 737.44922 743.95312 750.54688 757.22266 763.96875 770.76953 777.63281 784.54297 791.50000 798.47656 2.1781240
95.2000 -46853.902 0.0000000 0.0000000 0.0000000 0.0000000 0.0000000 0.0000000 0.0000000 0.0000000 0.0000000 26.437500 53.441406 80.742188 108.58203 136.83984 165.55469 194.78906 224.43359 254.55859 285.16797 316.20312 347.67969 379.62891 411.98047 444.86719 478.15234 511.91406 546.08203 580.75000 615.87109 605.75391 598.00000 592.21094 588.04688 585.30859 583.75781 583.23828 583.61328 584.77344 586.59375 589.02344 591.98438 595.39844 599.23828 603.42578 607.95703 611.95312 616.12500 619.58984 623.14844 627.73047 632.44922 637.28516 642.23047 648.30078 654.49219 660.80078 667.21484 673.73047 680.32422 686.98047 693.71484 700.50781 707.35547 714.23047 2.1871479
95.4000 -46617.422 0.0000000 0.0000000 0.0000000 0.0000000 0.0000000 0.0000000 0.0000000 0.0000000 0.0000000 26.632812 53.917969 81.703125 110.01172 138.86328 168.14844 198.20312 228.55469 259.50781 291.07422 323.09375 355.58203 388.68750 422.42969 456.60156 491.29297 526.46484 562.28906 598.51172 635.35156 628.76562 623.89844 620.50000 618.39062 617.36719 617.30469 618.09375 619.61719 621.79297 624.56250 627.83594 631.55859 635.69531 640.19922 645.03125 650.13672 654.61328 659.24219 663.05469 666.96094 671.96875 677.08594 682.32422 687.64844 694.17578 700.81250 707.56641 714.42188 721.34375 728.35547 735.43750 742.57812 749.78125 757.03125 764.30078 2.1967130
95.6000 -47088.566 0.0000000 0.0000000 0.0000000 0.0000000 0.0000000 0.0000000 0.0000000 0.0000000 0.0000000 30.187500 61.023438 92.566406 124.84766 157.55859 191.13672 225.35156 260.29297 295.72266 332.03516 368.85156 406.38281 444.69531 483.48438 523.02344 563.26562 604.23047 645.85156 687.97266 730.94141 719.64844 710.83594 704.12500 699.18750 695.78516 693.66016 692.67969 692.66797 693.51953 695.11719 697.37109 700.21875 703.58594 707.39844 711.62891 716.21875 720.28516 724.56250 728.12500 731.79688 736.52344 741.39062 746.41016 751.54297 757.83984 764.29297 770.87891 777.57031 784.37500 791.28125 798.26562 805.32031 812.44141 819.61719 826.83984 2.1670566
95.8000 -46783.410 0.0000000 0.0000000 0.0000000 0.0000000 0.0000000 0.0000000 0.0000000 0.0000000 0.0000000 28.796875 58.214844 88.132812 118.40625 149.35938 180.76172 212.57031 245.01953 277.81641 311.33594 345.17969 379.61328 414.56641 449.93359 485.96094 522.45312 559.40234 596.80469 634.83984 673.36328 663.19531 655.19141 649.06250 644.52344 641.37500 639.42969 638.54688 638.58594 639.43750 641.01562 643.23438 646.01562 649.30078 653.03516 657.17188 661.67188 665.67969 669.87891 673.38281 676.98438 681.64844 686.46094 691.39844 696.46875 702.69922 709.07812 715.59375 722.23828 728.96875 735.81250 742.73828 749.73828 756.80469 763.94531 771.11719 2.1150367
96.0000 -46431.039 0.0000000 0.0000000 0.0000000 0.0000000 0.0000000 0.0000000 0.0000000 0.0000000 0.0000000 22.195312 44.738281 67.765625 91.234375 115.14844 139.52344 164.31641 189.60938 215.25391 241.44922 268.13281 295.15625 322.55859 350.48047 378.83984 407.66406 436.97656 466.68359 496.78906 527.39844 522.76562 519.59375 517.65625 516.78516 516.84766 517.69531 519.25000 521.41797 524.13281 527.31641 530.93359 534.91016 539.23047 543.84766 548.72266 553.84375 558.27344 562.82812 566.57812 570.37891 575.23828 580.19531 585.23828 590.36719 596.61719 602.95703 609.38281 615.89062 622.45703 629.08984 635.77344 642.50391 649.28516 656.10156 662.92188 2.2034619
96.2000 -46454.293 0.0000000 0.0000000 0.0000000 0.0000000 0.0000000 0.0000000 0.0000000 0.0000000 0.0000000 22.546875 45.707031 69.117188 93.042969 117.35547 142.09375 167.21875 192.89062 218.99609 245.50391 272.37109 299.78516 327.62500 355.98047 384.70703 413.68750 443.28125 473.36328 503.78125 534.66797 522.88672 513.71875 506.70703 501.50781 497.86328 495.52734 494.31641 494.08594 494.69531 496.06641 498.08203 500.67578 503.77344 507.31641 511.26172 515.55469 519.39062 523.41016 526.75391 530.21094 534.67188 539.27734 544.01953 548.87109 554.82422 560.92969 567.16016 573.50391 579.94922 586.48047 593.10547 599.78906 606.53906 613.35156 620.19531 2.1961694
96.4000 -46663.969 0.0000000 0.0000000 0.0000000 0.0000000 0.0000000 0.0000000 0.0000000 -0.0039062500 0.0000000 25.460938 51.484375 78.015625 105.11719 132.61719 160.64062 189.19141 218.41797 248.08594 278.31641 309.14844 340.42188 372.17188 404.46484 437.28125 470.50391 504.45703 538.87109 573.75000 609.24609 601.47266 595.71094 591.64062 589.00391 587.60547 587.27344 587.87891 589.29297 591.43359 594.20703 597.52344 601.35156 605.60156 610.25781 615.25391 620.56641 625.21484 630.04297 634.00391 638.07422 643.28516 648.63672 654.09375 659.66016 666.47266 673.41016 680.46484 687.61328 694.86328 702.18359 709.58984 717.05078 724.58203 732.15625 739.76172 2.1327946
96.6000 -46357.320 0.0000000 0.0000000 0.0000000 0.0000000 0.0000000 0.0000000 0.0000000 0.0000000 0.0000000 21.835938 44.183594 67.136719 90.492188 114.46484 138.87109 163.91797 189.45703 215.57812 242.23438 269.30469 296.93359 325.05859 353.73047 382.97266 412.78516 443.14453 473.90234 505.30078 537.14062 531.34375 527.11328 524.22266 522.50000 521.81250 522.01172 523.00781 524.71094 527.03516 529.89844 533.26562 537.06250 541.26172 545.80078 550.65234 555.80078 560.26953 564.91016 568.72656 572.63672 577.63281 582.75000 587.98047 593.29688 599.80469 606.42188 613.14453 619.96484 626.87891 633.85938 640.91016 648.01172 655.18359 662.40234 669.63672 2.2018738
96.8000 -46690.031 0.0000000 0.0000000 0.0000000 0.0000000 0.0000000 0.0000000 0.0000000 0.0000000 0.0000000 28.332031 57.460938 86.992188 117.00391 147.46875 178.54688 209.91016 241.93359 274.47656 307.44141 340.92578 374.77734 409.25000 444.21484 479.69922 515.64844 552.09375 589.10156 626.46484 664.41016 651.96484 642.14453 634.55078 628.81250 624.68359 621.91406 620.33984 619.78516 620.14453 621.28906 623.13281 625.56641 628.56250 632.03125 635.91797 640.19141 644.01562 648.04297 651.42188 654.90234 659.41016 664.06641 668.85938 673.79297 679.85938 686.08203 692.43359 698.91016 705.49609 712.18359 718.94922 725.80469 732.72266 739.71094 746.73047 2.1901331
97.0000 -46697.230 0.0000000 0.0000000 0.0000000 0.0000000 0.0000000 0.0000000 0.0000000 0.0000000 0.0000000 26.917969 54.019531 81.511719 109.31250 137.39844 165.72266 194.25391 223.13281 252.37109 281.97656 311.76953 341.88672 372.31250 403.01953 434.01953 465.20703 496.83203 528.68359 560.83594 593.32812 583.75781 576.27344 570.56250 566.38672 563.51562 561.78906 561.05078 561.18359 562.07422 563.63281 565.79297 568.47266 571.62500 575.19922 579.13281 583.41016 587.19531 591.18359 594.49609 597.89062 602.29297 606.81641 611.48438 616.25391 622.12891 628.12500 634.23828 640.47656 646.80078 653.22656 659.72266 666.29688 672.92188 679.62500 686.34375 2.1875651
97.2000 -46657.027 0.0000000 0.0000000 0.0000000 0.0000000 0.0000000 0.0000000 0.0000000 0.0000000 0.0000000 23.179688 46.855469 70.875000 95.496094 120.63672 146.25391 172.34375 198.92969 225.98828 253.62500 281.63672 310.23438 339.26953 368.77344 398.76953 429.26953 460.19531 491.76172 523.64453 556.13281 548.11328 541.97656 537.46875 534.34375 532.42188 531.53906 531.58594 532.41406 533.94922 536.11719 538.81641 542.01953 545.66016 549.68750 554.05469 558.73438 562.84766 567.14062 570.69141 574.33594 579.01953 583.82422 588.75000 593.78516 599.95703 606.24609 612.66406 619.16797 625.76562 632.45312 639.21484 646.03125 652.91797 659.84766 666.81250 2.1820755
97.4000 -46489.297 0.0000000 0.0000000 0.0000000 0.0000000 0.0000000 0.0000000 0.0000000 0.0000000 0.0000000 27.460938 55.308594 83.636719 112.55469 141.67188 171.36328 201.46875 232.01172 262.99609 294.39844 326.41406 358.75781 391.52344 424.71094 458.40234 492.50781 527.04688 561.91016 597.50781 633.34375 625.12109 618.87109 614.27344 611.05859 609.03516 608.01562 607.89844 608.55078 609.87109 611.78516 614.21094 617.10938 620.42969 624.09766 628.09375 632.39062 636.16016 640.10938 643.37500 646.73047 651.04297 655.47266 660.01953 664.65234 670.33984 676.16016 682.08203 688.09375 694.19141 700.38281 706.63281 712.95312 719.31641 725.73828 732.18750 2.1811903
97.6000 -46554.504 0.0000000 0.0000000 0.0000000 0.0000000 0.0000000 0.0000000 0.0000000 0.0000000 0.0000000 25.812500 52.246094 79.316406 106.82812 134.97266 163.83594 193.01953 222.89062 253.45312 284.52734 316.18750 348.32812 381.07422 414.46875 448.49219 482.93359 518.16406 553.82422 590.15234 627.01172 617.54688 610.41406 605.20312 601.62500 599.41797 598.37500 598.32422 599.16016 600.73828 602.96484 605.76172 609.06250 612.80859 616.94922 621.42969 626.23438 630.44141 634.82422 638.44141 642.14453 646.91406 651.79688 656.79297 661.89453 668.13672 674.50391 680.97266 687.53516 694.17969 700.91797 707.71875 714.57812 721.48828 728.44141 735.44141 2.1965926
97.8000 -46713.043 0.0000000 0.0000000 0.0000000 0.0000000 0.0000000 0.0000000 0.0000000 0.0000000 0.0000000 30.191406 60.886719 91.902344 123.38672 155.27734 187.56250 220.23438 253.25781 286.82812 320.69531 355.09766 389.86719 425.08984 460.59375 496.54297 532.91016 569.72266 606.96094 644.57422 682.62500 668.91016 658.17969 649.90625 643.71094 639.29297 636.35547 634.71875 634.17969 634.61328 635.89062 637.90234 640.57031 643.80469 647.55078 651.73828 656.34375 660.42578 664.75781 668.36328 672.08984 676.90625 681.87500 686.99609 692.25781 698.71484 705.33594 712.10156 718.97656 725.99219 733.09766 740.29688 747.56641 754.90234 762.31641 769.76562 2.1422400
98.0000 -46593.832 0.0000000 0.0000000 0.0000000 0.0000000 0.0000000 0.0000000 0.0000000 0.0000000 0.0000000 26.226562 53.175781 80.703125 108.61328 137.27734 166.44141 196.17969 226.46875 257.46484 288.91406 321.01562 353.69141 386.93359 420.66406 455.04688 489.96875 525.57422 561.69531 598.40234 635.63672 624.98828 616.51953 609.94531 604.99609 601.47656 599.19531 597.99609 597.75391 598.34375 599.69141 601.69922 604.28906 607.41016 610.99609 615.00391 619.37500 623.27734 627.40234 630.84766 634.39453 638.98438 643.74219 648.62891 653.65625 659.84375 666.17969 672.67188 679.26953 685.98828 692.80859 699.72266 706.71875 713.78906 720.92188 728.10156 2.1940727
98.2000 -46691.805 0.0000000 0.0000000 0.0000000 0.0000000 0.0000000 0.0000000 0.0000000 0.0000000 0.0000000 26.375000 53.445312 80.855469 108.93750 137.75781 167.08203 197.01172 227.60547 258.68750 290.38672 322.76562 355.65234 389.25000 423.38672 458.16406 493.49609 529.42969 566.02344 603.08984 640.82422 630.94922 623.25391 617.42578 613.19531 610.31250 608.62109 607.94531 608.18750 609.19141 610.91016 613.23828 616.10547 619.46094 623.24609 627.42188 631.92969 635.92578 640.12109 643.60156 647.19531 651.82031 656.58203 661.47656 666.49219 672.65234 678.94141 685.36328 691.89844 698.53125 705.26562 712.08203 718.96484 725.91016 732.92969 739.96484 2.1779025
98.4000 -46294.453 0.0000000 0.0000000 0.0000000 0.0000000 0.0000000 0.0000000 0.0000000 0.0000000 0.0000000 30.593750 61.812500 93.242188 125.29688 157.77734 190.68750 224.06641 257.88672 292.08984 326.73438 361.83203 397.41797 433.41797 469.99219 506.81641 544.24609 582.01562 620.21875 658.89844 698.05469 689.35938 683.06641 678.68359 675.86328 674.32031 673.87109 674.32422 675.56641 677.49609 680.01562 683.04688 686.53906 690.42578 694.66797 699.23047 704.07812 708.30859 712.69531 716.31250 720.02344 724.76172 729.60547 734.57031 739.62109 745.80859 752.10547 758.49609 764.97656 771.55469 778.19141 784.89062 791.66016 798.47266 805.34375 812.22266 2.1733778
98.6000 -46430.016 0.0000000 0.0000000 0.0000000 0.0000000 0.0000000 0.0000000 0.0000000 0.0000000 0.0000000 27.066406 54.722656 82.726562 111.26562 140.10547 169.55469 199.41016 229.65625 260.46875 291.58203 323.23828 355.38281 387.94141 420.96875 454.40234 488.32422 522.56250 557.35156 592.64062 628.41406 617.51562 609.25781 603.12500 598.78125 595.91797 594.31250 593.78125 594.18750 595.39062 597.29688 599.82812 602.90234 606.45312 610.45312 614.80859 619.51172 623.67188 628.02344 631.60938 635.32812 640.09375 645.00000 650.03125 655.17969 661.50391 667.95312 674.51953 681.21484 688.00000 694.87891 701.82812 708.85156 715.94531 723.09375 730.27344 2.1743605
98.8000 -46221.523 0.0000000 0.0000000 0.0000000 0.0000000 0.0000000 0.0000000 0.0000000 0.0000000 0.0000000 28.429688 57.203125 86.312500 115.77344 145.35938 175.41797 205.69922 236.34766 267.32031 298.57422 330.09375 361.89062 394.07812 426.62109 459.40625 492.52734 525.83594 559.62500 593.62109 627.99219 614.22266 603.59375 595.49219 589.48047 585.18750 582.36328 580.78516 580.25781 580.65625 581.85938 583.77344 586.29688 589.35547 592.89844 596.87891 601.22266 605.10156 609.20312 612.61719 616.14844 620.70703 625.42188 630.27734 635.25391 641.38281 647.66406 654.07422 660.60156 667.25000 673.98438 680.80469 687.69922 694.66797 701.69531 708.76562 2.1902745
99.0000 -46864.516 0.0000000 0.0000000 0.0000000 0.0000000 0.0000000 0.0000000 0.0000000 0.0000000 0.0000000 27.785156 55.933594 84.484375 113.44922 142.78906 172.49219 202.75781 233.13281 264.10938 295.38281 327.09375 359.29688 391.64453 424.41797 457.80078 491.35156 525.37109 559.78125 594.69531 629.85156 616.45703 605.74609 597.29688 590.79688 585.95312 582.54297 580.36719 579.28516 579.14062 579.82422 581.23828 583.28906 585.91797 589.06250 592.62891 596.60547 600.19922 604.00781 607.20703 610.52344 614.83203 619.29688 623.90625 628.65625 634.51562 640.53125 646.69531 652.97656 659.37891 665.87891 672.46484 679.14453 685.89062 692.70312 699.55469 2.1778684
99.2000 -46628.480 0.0000000 0.0000000 0.0000000 0.0000000 0.0000000 0.0000000 0.0000000 0.0000000 0.0000000 28.359375 57.027344 86.316406 116.16406 146.68750 177.75000 209.30859 241.40234 274.15625 307.37500 341.24219 375.63281 410.56641 446.12109 482.16016 518.83203 556.05469 593.78125 632.23047 670.98438 661.89062 654.84766 649.53125 645.69922 643.15234 641.71484 641.23047 641.60156 642.72656 644.49609 646.85938 649.71875 653.05859 656.80078 660.90234 665.32812 669.24609 673.35156 676.76562 680.27344 684.78906 689.44141 694.20703 699.09766 705.08984 711.23438 717.47656 723.84766 730.30469 736.84375 743.47656 750.17578 756.92969 763.75781 770.59375 2.1609864
99.4000 -46684.480 0.0000000 0.0000000 0.0000000 0.0000000 0.0000000 0.0000000 0.0000000 0.0000000 0.0000000 31.164062 62.812500 94.828125 127.29297 160.07812 193.33203 226.78516 260.75781 295.07422 329.82812 364.95703 400.45703 436.49219 472.80078 509.48828 546.63672 584.02734 621.94141 660.29297 698.91797 689.43750 682.09375 676.56250 672.58594 669.94141 668.46484 668.00000 668.42188 669.62500 671.50781 673.99609 677.01953 680.51172 684.43359 688.72656 693.35547 697.43750 701.73047 705.27734 708.92969 713.62891 718.45703 723.42578 728.49609 734.73047 741.10156 747.57812 754.17578 760.86328 767.63672 774.49219 781.41406 788.40625 795.43750 802.51562 2.1902225
99.6000 -46384.535 0.0000000 0.0000000 0.0000000 0.0000000 0.0000000 0.0000000 0.0000000 0.0000000 0.0000000 23.878906 48.195312 73.015625 98.199219 123.77734 149.81641 176.23828 203.09375 230.42188 258.12109 286.28906 314.83203 343.94922 373.37500 403.12891 433.47656 464.15625 495.30078 526.86328 558.80859 547.26172 538.44141 531.83203 527.08984 523.89062 521.99609 521.22266 521.40234 522.41797 524.16406 526.53906 529.46484 532.89062 536.73828 540.98438 545.55859 549.62500 553.85547 557.38281 560.99609 565.65234 570.45312 575.38281 580.40234 586.58984 592.90625 599.33984 605.87891 612.51953 619.24219 626.03516 632.91016 639.84766 646.82031 653.83984 2.1613705
99.8000 -46709.855 0.0000000 0.0000000 0.0000000 0.0000000 0.0000000 0.0000000 0.0000000 0.0000000 0.0000000 24.203125 48.851562 73.964844 99.335938 125.29688 151.81641 178.57422 205.89062 233.55859 261.67578 290.16797 319.30859 348.73438 378.66406 409.03125 439.87500 471.03516 502.80078 534.81250 567.38672 554.74609 545.22656 538.19531 533.17969 529.82422 527.85938 527.06641 527.26172 528.31641 530.10547 532.51953 535.47656 538.93359 542.81641 547.05859 551.64453 555.68750 559.90625 563.41016 567.00391 571.63672 576.39062 581.25781 586.24219 592.33984 598.57031 604.90234 611.34375 617.86719 624.46875 631.14453 637.88672 644.68359 651.51172 658.38672 2.1603246
